timestamp;akkuLadestand;solarleistung;hausabgabe;netzbezug;akkuLadung;gesamtVerbrauch;simulierteSolarleistung;tmpSimulierteHausabgabe;simulierteAkkuLadung;simulierteVerpuffteSolarleistung;simulierteAkkuEntladung;tmpSimulierterNetzbezug;simulierteHausabgabe;simulierterNetzbezug;simulierterAkkuLadestand;normierterAkkuLadestand
2026-02-26T00:00:00;268.0;0.0;0.0;182.0;0.0;182.0;0.0;0.0;0.0;0;182.0;182.0;182.0;0.0;426;268.0
2026-02-26T00:02:16.849187;268.0;0.0;0.0;185.0;0.0;185.0;0.0;0.0;0.0;0.0;0;185.0;0.0;185.0;426;426
2026-02-26T00:07:21.919896;268.0;0.0;0.0;225.0;0.0;225.0;0.0;0.0;0.0;0.0;0;225.0;0.0;225.0;426;426.0
2026-02-26T00:12:21.854182;268.0;0.0;0.0;224.0;0.0;224.0;0.0;0.0;0.0;0.0;0;224.0;0.0;224.0;426;426.0
2026-02-26T00:17:26.859646;268.0;0.0;0.0;222.0;0.0;222.0;0.0;0.0;0.0;0.0;0;222.0;0.0;222.0;426;426.0
2026-02-26T00:22:26.866193;268.0;0.0;0.0;203.0;0.0;203.0;0.0;0.0;0.0;0.0;0;203.0;0.0;203.0;426;426.0
2026-02-26T00:26:42.863144;268.0;0.0;0.0;196.0;0.0;196.0;0.0;0.0;0.0;0.0;0;196.0;0.0;196.0;426;426.0
2026-02-26T00:31:42.848606;268.0;0.0;0.0;177.0;0.0;177.0;0.0;0.0;0.0;0.0;0;177.0;0.0;177.0;426;426.0
2026-02-26T00:36:57.844999;268.0;0.0;0.0;179.0;0.0;179.0;0.0;0.0;0.0;0.0;0;179.0;0.0;179.0;426;426.0
2026-02-26T00:41:57.849224;268.0;0.0;0.0;196.0;0.0;196.0;0.0;0.0;0.0;0.0;0;196.0;0.0;196.0;426;426.0
2026-02-26T00:47:02.852556;268.0;0.0;0.0;205.0;0.0;205.0;0.0;0.0;0.0;0.0;0;205.0;0.0;205.0;426;426.0
2026-02-26T00:52:02.859755;268.0;0.0;0.0;200.0;0.0;200.0;0.0;0.0;0.0;0.0;0;200.0;0.0;200.0;426;426.0
2026-02-26T00:57:07.859430;268.0;0.0;0.0;203.0;0.0;203.0;0.0;0.0;0.0;0.0;0;203.0;0.0;203.0;426;426.0
2026-02-26T01:02:07.861176;268.0;0.0;0.0;209.0;0.0;209.0;0.0;0.0;0.0;0.0;0;209.0;0.0;209.0;426;426.0
2026-02-26T01:07:12.884256;268.0;0.0;0.0;202.0;0.0;202.0;0.0;0.0;0.0;0.0;0;202.0;0.0;202.0;426;426.0
2026-02-26T01:12:12.865129;268.0;0.0;0.0;200.0;0.0;200.0;0.0;0.0;0.0;0.0;0;200.0;0.0;200.0;426;426.0
2026-02-26T01:17:17.858213;268.0;0.0;0.0;218.0;0.0;218.0;0.0;0.0;0.0;0.0;0;218.0;0.0;218.0;426;426.0
2026-02-26T01:27:22.854916;268.0;0.0;0.0;214.0;0.0;214.0;0.0;0.0;0.0;0.0;0;214.0;0.0;214.0;426;426.0
2026-02-26T01:32:22.844503;268.0;0.0;0.0;185.0;0.0;185.0;0.0;0.0;0.0;0.0;0;185.0;0.0;185.0;426;426.0
2026-02-26T01:37:27.853279;268.0;0.0;0.0;179.0;0.0;179.0;0.0;0.0;0.0;0.0;0;179.0;0.0;179.0;426;426.0
2026-02-26T01:42:27.842778;268.0;0.0;0.0;180.0;0.0;180.0;0.0;0.0;0.0;0.0;0;180.0;0.0;180.0;426;426.0
2026-02-26T01:47:32.860882;268.0;0.0;0.0;202.0;0.0;202.0;0.0;0.0;0.0;0.0;0;202.0;0.0;202.0;426;426.0
2026-02-26T01:52:32.870591;268.0;0.0;0.0;249.0;0.0;249.0;0.0;0.0;0.0;0.0;0;249.0;0.0;249.0;426;426.0
2026-02-26T01:57:37.860790;268.0;0.0;0.0;216.0;0.0;216.0;0.0;0.0;0.0;0.0;0;216.0;0.0;216.0;426;426.0
2026-02-26T02:02:37.882444;268.0;0.0;0.0;214.0;0.0;214.0;0.0;0.0;0.0;0.0;0;214.0;0.0;214.0;426;426.0
2026-02-26T02:07:53.865319;268.0;0.0;0.0;196.0;0.0;196.0;0.0;0.0;0.0;0.0;0;196.0;0.0;196.0;426;426.0
2026-02-26T02:12:53.848129;268.0;0.0;0.0;176.0;0.0;176.0;0.0;0.0;0.0;0.0;0;176.0;0.0;176.0;426;426.0
2026-02-26T02:17:58.926967;268.0;0.0;0.0;177.0;0.0;177.0;0.0;0.0;0.0;0.0;0;177.0;0.0;177.0;426;426.0
2026-02-26T02:22:58.857124;268.0;0.0;0.0;176.0;0.0;176.0;0.0;0.0;0.0;0.0;0;176.0;0.0;176.0;426;426.0
2026-02-26T02:33:03.853159;268.0;0.0;0.0;195.0;0.0;195.0;0.0;0.0;0.0;0.0;0;195.0;0.0;195.0;426;426.0
2026-02-26T02:38:08.863177;268.0;0.0;0.0;196.0;0.0;196.0;0.0;0.0;0.0;0.0;0;196.0;0.0;196.0;426;426.0
2026-02-26T02:43:08.869410;268.0;0.0;0.0;218.0;0.0;218.0;0.0;0.0;0.0;0.0;0;218.0;0.0;218.0;426;426.0
2026-02-26T02:48:13.857625;268.0;0.0;0.0;200.0;0.0;200.0;0.0;0.0;0.0;0.0;0;200.0;0.0;200.0;426;426.0
2026-02-26T02:53:13.850198;268.0;0.0;0.0;195.0;0.0;195.0;0.0;0.0;0.0;0.0;0;195.0;0.0;195.0;426;426.0
2026-02-26T02:58:18.851704;268.0;0.0;0.0;198.0;0.0;198.0;0.0;0.0;0.0;0.0;0;198.0;0.0;198.0;426;426.0
2026-02-26T03:03:18.850276;268.0;0.0;0.0;194.0;0.0;194.0;0.0;0.0;0.0;0.0;0;194.0;0.0;194.0;426;426.0
2026-02-26T03:08:23.868187;268.0;0.0;0.0;220.0;0.0;220.0;0.0;0.0;0.0;0.0;0;220.0;0.0;220.0;426;426.0
2026-02-26T03:13:23.848414;268.0;0.0;0.0;221.0;0.0;221.0;0.0;0.0;0.0;0.0;0;221.0;0.0;221.0;426;426.0
2026-02-26T03:18:28.850253;268.0;0.0;0.0;196.0;0.0;196.0;0.0;0.0;0.0;0.0;0;196.0;0.0;196.0;426;426.0
2026-02-26T03:23:28.878900;268.0;0.0;0.0;178.0;0.0;178.0;0.0;0.0;0.0;0.0;0;178.0;0.0;178.0;426;426.0
2026-02-26T03:33:33.849875;268.0;0.0;0.0;211.0;0.0;211.0;0.0;0.0;0.0;0.0;0;211.0;0.0;211.0;426;426.0
2026-02-26T03:38:38.853605;268.0;0.0;0.0;202.0;0.0;202.0;0.0;0.0;0.0;0.0;0;202.0;0.0;202.0;426;426.0
2026-02-26T03:43:38.901947;268.0;0.0;0.0;218.0;0.0;218.0;0.0;0.0;0.0;0.0;0;218.0;0.0;218.0;426;426.0
2026-02-26T03:48:43.858005;268.0;0.0;0.0;216.0;0.0;216.0;0.0;0.0;0.0;0.0;0;216.0;0.0;216.0;426;426.0
2026-02-26T03:53:43.850850;268.0;0.0;0.0;215.0;0.0;215.0;0.0;0.0;0.0;0.0;0;215.0;0.0;215.0;426;426.0
2026-02-26T03:58:48.849872;268.0;0.0;0.0;178.0;0.0;178.0;0.0;0.0;0.0;0.0;0;178.0;0.0;178.0;426;426.0
2026-02-26T04:03:48.851727;268.0;0.0;0.0;179.0;0.0;179.0;0.0;0.0;0.0;0.0;0;179.0;0.0;179.0;426;426.0
2026-02-26T04:08:53.861240;268.0;0.0;0.0;178.0;0.0;178.0;0.0;0.0;0.0;0.0;0;178.0;0.0;178.0;426;426.0
2026-02-26T04:13:53.892332;268.0;0.0;0.0;179.0;0.0;179.0;0.0;0.0;0.0;0.0;0;179.0;0.0;179.0;426;426.0
2026-02-26T04:18:58.856309;268.0;0.0;0.0;213.0;0.0;213.0;0.0;0.0;0.0;0.0;0;213.0;0.0;213.0;426;426.0
2026-02-26T04:23:58.848572;268.0;0.0;0.0;194.0;0.0;194.0;0.0;0.0;0.0;0.0;0;194.0;0.0;194.0;426;426.0
2026-02-26T04:29:03.865016;268.0;0.0;0.0;215.0;0.0;215.0;0.0;0.0;0.0;0.0;0;215.0;0.0;215.0;426;426.0
2026-02-26T04:34:03.860163;268.0;0.0;0.0;199.0;0.0;199.0;0.0;0.0;0.0;0.0;0;199.0;0.0;199.0;426;426.0
2026-02-26T04:39:08.860432;268.0;0.0;0.0;196.0;0.0;196.0;0.0;0.0;0.0;0.0;0;196.0;0.0;196.0;426;426.0
2026-02-26T04:49:13.852294;268.0;0.0;0.0;194.0;0.0;194.0;0.0;0.0;0.0;0.0;0;194.0;0.0;194.0;426;426.0
2026-02-26T04:54:13.852182;268.0;0.0;0.0;195.0;0.0;195.0;0.0;0.0;0.0;0.0;0;195.0;0.0;195.0;426;426.0
2026-02-26T04:59:18.854299;268.0;0.0;0.0;194.0;0.0;194.0;0.0;0.0;0.0;0.0;0;194.0;0.0;194.0;426;426.0
2026-02-26T05:09:43.852265;268.0;0.0;0.0;193.0;0.0;193.0;0.0;0.0;0.0;0.0;0;193.0;0.0;193.0;426;426.0
2026-02-26T05:13:43.859839;268.0;0.0;0.0;177.0;0.0;177.0;0.0;0.0;0.0;0.0;0;177.0;0.0;177.0;426;426.0
2026-02-26T05:18:48.158337;268.0;0.0;0.0;197.0;0.0;197.0;0.0;0.0;0.0;0.0;0;197.0;0.0;197.0;426;426.0
2026-02-26T05:23:48.967365;268.0;0.0;0.0;199.0;0.0;199.0;0.0;0.0;0.0;0.0;0;199.0;0.0;199.0;426;426.0
2026-02-26T05:28:53.313861;268.0;0.0;0.0;196.0;0.0;196.0;0.0;0.0;0.0;0.0;0;196.0;0.0;196.0;426;426.0
2026-02-26T05:33:53.858001;268.0;0.0;0.0;214.0;0.0;214.0;0.0;0.0;0.0;0.0;0;214.0;0.0;214.0;426;426.0
2026-02-26T05:38:58.195975;268.0;0.0;0.0;195.0;0.0;195.0;0.0;0.0;0.0;0.0;0;195.0;0.0;195.0;426;426.0
2026-02-26T05:49:03.274566;268.0;0.0;0.0;176.0;0.0;176.0;0.0;0.0;0.0;0.0;0;176.0;0.0;176.0;426;426.0
2026-02-26T06:04:08.856862;268.0;0.0;0.0;196.0;0.0;196.0;0.0;0.0;0.0;0.0;0;196.0;0.0;196.0;426;426.0
2026-02-26T06:09:13.207872;268.0;0.0;0.0;203.0;0.0;203.0;0.0;0.0;0.0;0.0;0;203.0;0.0;203.0;426;426.0
2026-02-26T06:14:13.861580;268.0;0.0;0.0;216.0;0.0;216.0;0.0;0.0;0.0;0.0;0;216.0;0.0;216.0;426;426.0
2026-02-26T06:19:18.198776;268.0;0.0;0.0;214.0;0.0;214.0;0.0;0.0;0.0;0.0;0;214.0;0.0;214.0;426;426.0
2026-02-26T06:24:18.866347;268.0;0.0;0.0;194.0;0.0;194.0;0.0;0.0;0.0;0.0;0;194.0;0.0;194.0;426;426.0
2026-02-26T06:29:23.274764;268.0;0.0;0.0;177.0;0.0;177.0;0.0;0.0;0.0;0.0;0;177.0;0.0;177.0;426;426.0
2026-02-26T06:34:23.889957;268.0;0.0;0.0;198.0;0.0;198.0;0.0;0.0;0.0;0.0;0;198.0;0.0;198.0;426;426.0
2026-02-26T06:39:28.223497;268.0;0.0;0.0;200.0;0.0;200.0;0.0;0.0;0.0;0.0;0;200.0;0.0;200.0;426;426.0
2026-02-26T06:44:28.874410;268.0;0.0;0.0;207.0;0.0;207.0;0.0;0.0;0.0;0.0;0;207.0;0.0;207.0;426;426.0
2026-02-26T06:49:33.319809;268.0;0.0;0.0;240.0;0.0;240.0;0.0;0.0;0.0;0.0;0;240.0;0.0;240.0;426;426.0
2026-02-26T06:54:33.871219;268.0;0.0;0.0;238.0;0.0;238.0;0.0;0.0;0.0;0.0;0;238.0;0.0;238.0;426;426.0
2026-02-26T06:59:38.384937;268.0;0.0;0.0;258.0;0.0;258.0;0.0;0.0;0.0;0.0;0;258.0;0.0;258.0;426;426.0
2026-02-26T07:04:38.870312;268.0;0.0;0.0;1647.0;0.0;1647.0;0.0;0.0;0.0;0.0;0;1647.0;0.0;1647.0;426;426.0
2026-02-26T07:09:43.446248;268.0;0.0;0.0;278.0;0.0;278.0;0.0;0.0;0.0;0.0;0;278.0;0.0;278.0;426;426.0
2026-02-26T07:14:43.912759;268.0;0.0;0.0;274.0;0.0;274.0;0.0;0.0;0.0;0.0;0;274.0;0.0;274.0;426;426.0
2026-02-26T07:19:48.357393;268.0;0.0;0.0;286.0;0.0;286.0;0.0;0.0;0.0;0.0;0;286.0;0.0;286.0;426;426.0
2026-02-26T07:24:48.889593;268.0;0.0;0.0;218.0;0.0;218.0;0.0;0.0;0.0;0.0;0;218.0;0.0;218.0;426;426.0
2026-02-26T07:29:53.283781;268.0;0.0;0.0;234.0;0.0;234.0;0.0;0.0;0.0;0.0;0;234.0;0.0;234.0;426;426.0
2026-02-26T07:34:53.926531;268.0;0.0;0.0;377.0;0.0;377.0;0.0;0.0;0.0;0.0;0;377.0;0.0;377.0;426;426.0
2026-02-26T07:39:58.332572;268.0;6.0;0.0;377.0;0.0;377.0;12.0;12.0;0.0;0.0;0;365.0;12.0;365.0;426;426.0
2026-02-26T07:39:58.334580;268.0;6.0;6.0;377.0;0.0;383.0;12.0;12.0;0.0;0.0;0;371.0;12.0;371.0;426;426.0
2026-02-26T07:39:58.336129;268.0;6.0;6.0;230.0;0.0;236.0;12.0;12.0;0.0;0.0;0;224.0;12.0;224.0;426;426.0
2026-02-26T07:44:58.892569;268.0;11.0;6.0;230.0;0.0;236.0;22.0;22.0;0.0;0.0;0;214.0;22.0;214.0;426;426.0
2026-02-26T07:44:58.894732;268.0;11.0;11.0;230.0;0.0;241.0;22.0;22.0;0.0;0.0;0;219.0;22.0;219.0;426;426.0
2026-02-26T07:44:58.901666;268.0;11.0;11.0;231.0;0.0;242.0;22.0;22.0;0.0;0.0;0;220.0;22.0;220.0;426;426.0
2026-02-26T07:50:03.315663;268.0;13.0;11.0;231.0;0.0;242.0;26.0;26.0;0.0;0.0;0;216.0;26.0;216.0;426;426.0
2026-02-26T07:50:03.317576;268.0;13.0;13.0;231.0;0.0;244.0;26.0;26.0;0.0;0.0;0;218.0;26.0;218.0;426;426.0
2026-02-26T07:50:03.322526;268.0;13.0;13.0;209.0;0.0;222.0;26.0;26.0;0.0;0.0;0;196.0;26.0;196.0;426;426.0
2026-02-26T07:51:03.871331;268.0;16.0;13.0;209.0;0.0;222.0;32.0;32.0;0.0;0.0;0;190.0;32.0;190.0;426;426.0
2026-02-26T07:51:03.873489;268.0;16.0;16.0;209.0;0.0;225.0;32.0;32.0;0.0;0.0;0;193.0;32.0;193.0;426;426.0
2026-02-26T07:51:03.875033;268.0;16.0;16.0;220.0;0.0;236.0;32.0;32.0;0.0;0.0;0;204.0;32.0;204.0;426;426.0
2026-02-26T07:52:03.897840;268.0;17.0;16.0;220.0;0.0;236.0;34.0;34.0;0.0;0.0;0;202.0;34.0;202.0;426;426.0
2026-02-26T07:52:03.899629;268.0;17.0;17.0;220.0;0.0;237.0;34.0;34.0;0.0;0.0;0;203.0;34.0;203.0;426;426.0
2026-02-26T07:52:03.905138;268.0;17.0;17.0;176.0;0.0;193.0;34.0;34.0;0.0;0.0;0;159.0;34.0;159.0;426;426.0
2026-02-26T07:53:03.883884;268.0;17.0;17.0;158.0;0.0;175.0;34.0;34.0;0.0;0.0;0;141.0;34.0;141.0;426;426.0
2026-02-26T07:54:03.931267;268.0;19.0;17.0;158.0;0.0;175.0;38.0;38.0;0.0;0.0;0;137.0;38.0;137.0;426;426.0
2026-02-26T07:54:03.933172;268.0;19.0;19.0;158.0;0.0;177.0;38.0;38.0;0.0;0.0;0;139.0;38.0;139.0;426;426.0
2026-02-26T07:54:03.938912;268.0;19.0;19.0;157.0;0.0;176.0;38.0;38.0;0.0;0.0;0;138.0;38.0;138.0;426;426.0
2026-02-26T07:55:03.868702;268.0;21.0;19.0;157.0;0.0;176.0;42.0;42.0;0.0;0.0;0;134.0;42.0;134.0;426;426.0
2026-02-26T07:55:03.870549;268.0;21.0;21.0;157.0;0.0;178.0;42.0;42.0;0.0;0.0;0;136.0;42.0;136.0;426;426.0
2026-02-26T07:55:03.875965;268.0;21.0;21.0;154.0;0.0;175.0;42.0;42.0;0.0;0.0;0;133.0;42.0;133.0;426;426.0
2026-02-26T08:00:08.801481;268.0;25.0;21.0;154.0;0.0;175.0;50.0;50.0;0.0;0.0;0;125.0;50.0;125.0;426;426.0
2026-02-26T08:00:08.803607;268.0;25.0;25.0;154.0;0.0;179.0;50.0;50.0;0.0;0.0;0;129.0;50.0;129.0;426;426.0
2026-02-26T08:00:08.805141;268.0;25.0;25.0;151.0;0.0;176.0;50.0;50.0;0.0;0.0;0;126.0;50.0;126.0;426;426.0
2026-02-26T08:05:08.894871;268.0;25.0;25.0;169.0;0.0;194.0;50.0;50.0;0.0;0.0;0;144.0;50.0;144.0;426;426.0
2026-02-26T08:10:24.341668;268.0;29.0;25.0;169.0;0.0;194.0;58.0;58.0;0.0;0.0;0;136.0;58.0;136.0;426;426.0
2026-02-26T08:10:24.343770;268.0;29.0;29.0;169.0;0.0;198.0;58.0;58.0;0.0;0.0;0;140.0;58.0;140.0;426;426.0
2026-02-26T08:15:24.879043;268.0;22.0;29.0;169.0;0.0;198.0;44.0;44.0;0.0;0.0;0;154.0;44.0;154.0;426;426.0
2026-02-26T08:15:24.883189;268.0;22.0;22.0;169.0;0.0;191.0;44.0;44.0;0.0;0.0;0;147.0;44.0;147.0;426;426.0
2026-02-26T08:15:24.890530;268.0;22.0;22.0;242.0;0.0;264.0;44.0;44.0;0.0;0.0;0;220.0;44.0;220.0;426;426.0
2026-02-26T08:20:29.337159;268.0;27.0;22.0;242.0;0.0;264.0;54.0;54.0;0.0;0.0;0;210.0;54.0;210.0;426;426.0
2026-02-26T08:20:29.339368;268.0;27.0;27.0;242.0;0.0;269.0;54.0;54.0;0.0;0.0;0;215.0;54.0;215.0;426;426.0
2026-02-26T08:20:29.344181;268.0;27.0;27.0;214.0;0.0;241.0;54.0;54.0;0.0;0.0;0;187.0;54.0;187.0;426;426.0
2026-02-26T08:25:29.908702;268.0;39.0;27.0;214.0;0.0;241.0;78.0;78.0;0.0;0.0;0;163.0;78.0;163.0;426;426.0
2026-02-26T08:25:29.910742;268.0;39.0;39.0;214.0;0.0;253.0;78.0;78.0;0.0;0.0;0;175.0;78.0;175.0;426;426.0
2026-02-26T08:25:29.917457;268.0;39.0;39.0;221.0;0.0;260.0;78.0;78.0;0.0;0.0;0;182.0;78.0;182.0;426;426.0
2026-02-26T08:31:51.378969;268.0;49.0;39.0;221.0;0.0;260.0;98.0;98.0;0.0;0.0;0;162.0;98.0;162.0;426;426.0
2026-02-26T08:31:51.381408;268.0;49.0;49.0;221.0;0.0;270.0;98.0;98.0;0.0;0.0;0;172.0;98.0;172.0;426;426.0
2026-02-26T08:31:51.382607;268.0;49.0;49.0;221.0;0.0;270.0;98.0;98.0;0.0;0.0;0;172.0;98.0;172.0;426;426.0
2026-02-26T08:31:51.384867;268.0;49.0;49.0;193.0;0.0;242.0;98.0;98.0;0.0;0.0;0;144.0;98.0;144.0;426;426.0
2026-02-26T08:34:51.861345;268.0;34.0;49.0;193.0;0.0;242.0;68.0;68.0;0.0;0.0;0;174.0;68.0;174.0;426;426.0
2026-02-26T08:34:51.863433;268.0;34.0;34.0;193.0;0.0;227.0;68.0;68.0;0.0;0.0;0;159.0;68.0;159.0;426;426.0
2026-02-26T08:34:51.870275;268.0;34.0;34.0;214.0;0.0;248.0;68.0;68.0;0.0;0.0;0;180.0;68.0;180.0;426;426.0
2026-02-26T08:39:52.926728;268.0;45.0;34.0;214.0;0.0;248.0;90.0;90.0;0.0;0.0;0;158.0;90.0;158.0;426;426.0
2026-02-26T08:39:52.928797;268.0;45.0;45.0;214.0;0.0;259.0;90.0;90.0;0.0;0.0;0;169.0;90.0;169.0;426;426.0
2026-02-26T08:39:52.935820;268.0;45.0;45.0;167.0;0.0;212.0;90.0;90.0;0.0;0.0;0;122.0;90.0;122.0;426;426.0
2026-02-26T08:44:57.888786;268.0;49.0;45.0;167.0;0.0;212.0;98.0;98.0;0.0;0.0;0;114.0;98.0;114.0;426;426.0
2026-02-26T08:44:57.890883;268.0;49.0;49.0;167.0;0.0;216.0;98.0;98.0;0.0;0.0;0;118.0;98.0;118.0;426;426.0
2026-02-26T08:44:57.923923;268.0;49.0;49.0;194.0;0.0;243.0;98.0;98.0;0.0;0.0;0;145.0;98.0;145.0;426;426.0
2026-02-26T08:49:57.899908;268.0;69.0;49.0;194.0;0.0;243.0;138.0;138.0;0.0;0.0;0;105.0;138.0;105.0;426;426.0
2026-02-26T08:49:57.902004;268.0;69.0;69.0;194.0;0.0;263.0;138.0;138.0;0.0;0.0;0;125.0;138.0;125.0;426;426.0
2026-02-26T08:49:57.908916;268.0;69.0;69.0;229.0;0.0;298.0;138.0;138.0;0.0;0.0;0;160.0;138.0;160.0;426;426.0
2026-02-26T08:55:02.933703;268.0;85.0;69.0;229.0;0.0;298.0;170.0;170.0;0.0;0.0;0;128.0;170.0;128.0;426;426.0
2026-02-26T08:55:02.935739;268.0;85.0;85.0;229.0;0.0;314.0;170.0;170.0;0.0;0.0;0;144.0;170.0;144.0;426;426.0
2026-02-26T08:55:02.942646;268.0;85.0;85.0;96.0;0.0;181.0;170.0;170.0;0.0;0.0;0;11.0;170.0;11.0;426;426.0
2026-02-26T09:00:02.933435;268.0;75.0;85.0;96.0;0.0;181.0;150.0;150.0;0.0;0.0;0;31.0;150.0;31.0;426;426.0
2026-02-26T09:00:02.935457;268.0;75.0;75.0;96.0;0.0;171.0;150.0;150.0;0.0;0.0;0;21.0;150.0;21.0;426;426.0
2026-02-26T09:00:02.942484;268.0;75.0;75.0;101.0;0.0;176.0;150.0;150.0;0.0;0.0;0;26.0;150.0;26.0;426;426.0
2026-02-26T09:05:12.875582;268.0;74.0;75.0;101.0;0.0;176.0;148.0;148.0;0.0;0.0;0;28.0;148.0;28.0;426;426.0
2026-02-26T09:05:12.877429;268.0;74.0;74.0;101.0;0.0;175.0;148.0;148.0;0.0;0.0;0;27.0;148.0;27.0;426;426.0
2026-02-26T09:05:12.883890;268.0;74.0;74.0;99.0;0.0;173.0;148.0;148.0;0.0;0.0;0;25.0;148.0;25.0;426;426.0
2026-02-26T09:10:15.885485;268.0;83.0;74.0;99.0;0.0;173.0;166.0;166.0;0.0;0.0;0;7.0;166.0;7.0;426;426.0
2026-02-26T09:10:15.887524;268.0;83.0;83.0;99.0;0.0;182.0;166.0;166.0;0.0;0.0;0;16.0;166.0;16.0;426;426.0
2026-02-26T09:10:15.894002;268.0;83.0;83.0;90.0;0.0;173.0;166.0;166.0;0.0;0.0;0;7.0;166.0;7.0;426;426.0
2026-02-26T09:15:41.870217;268.0;85.0;83.0;90.0;0.0;173.0;170.0;170.0;0.0;0.0;0;3.0;170.0;3.0;426;426.0
2026-02-26T09:15:41.872188;268.0;85.0;85.0;90.0;0.0;175.0;170.0;170.0;0.0;0.0;0;5.0;170.0;5.0;426;426.0
2026-02-26T09:15:41.878663;268.0;85.0;85.0;87.0;0.0;172.0;170.0;170.0;0.0;0.0;0;2.0;170.0;2.0;426;426.0
2026-02-26T09:20:42.901786;268.0;111.0;85.0;87.0;0.0;172.0;222.0;172.0;50.0;0;0.0;0.0;172.0;0.0;429.67917150333335;426.0
2026-02-26T09:20:42.903841;268.0;111.0;111.0;87.0;0.0;198.0;222.0;198.0;24.0;0;0.0;0.0;198.0;0.0;429.67918355933335;426.0
2026-02-26T09:20:42.910798;268.0;111.0;111.0;83.0;0.0;194.0;222.0;194.0;28.0;0;0.0;0.0;194.0;0.0;429.6792311761333;426.0
2026-02-26T09:25:50.873312;268.0;140.0;111.0;83.0;0.0;194.0;280.0;194.0;86.0;0;0.0;0.0;194.0;0.0;436.15328758155556;426.0
2026-02-26T09:25:50.875327;268.0;140.0;140.0;83.0;0.0;223.0;280.0;223.0;57.0;0;0.0;0.0;223.0;0.0;436.1533156572222;426.0
2026-02-26T09:25:50.882294;268.0;140.0;140.0;75.0;0.0;215.0;280.0;215.0;65.0;0;0.0;0.0;215.0;0.0;436.1534263551111;426.0
2026-02-26T09:30:53.923435;268.0;120.0;140.0;75.0;0.0;215.0;240.0;215.0;25.0;0;0.0;0.0;215.0;0.0;438.005344439;426.0
2026-02-26T09:30:53.925450;268.0;120.0;120.0;75.0;0.0;195.0;240.0;195.0;45.0;0;0.0;0.0;195.0;0.0;438.005366604;426.0
2026-02-26T09:30:53.932441;268.0;120.0;120.0;96.0;0.0;216.0;240.0;216.0;24.0;0;0.0;0.0;216.0;0.0;438.0054076178667;426.0
2026-02-26T09:34:09.874228;268.0;123.0;120.0;96.0;0.0;216.0;246.0;216.0;30.0;0;0.0;0.0;216.0;0.0;439.4423140558667;426.0
2026-02-26T09:34:09.876348;268.0;123.0;123.0;96.0;0.0;219.0;246.0;219.0;27.0;0;0.0;0.0;219.0;0.0;439.4423280478667;426.0
2026-02-26T09:34:09.877860;268.0;123.0;123.0;76.0;0.0;199.0;246.0;199.0;47.0;0;0.0;0.0;199.0;0.0;439.44234541906667;426.0
2026-02-26T09:35:09.929140;268.0;117.0;123.0;76.0;0.0;199.0;234.0;199.0;35.0;0;0.0;0.0;199.0;0.0;439.9561174812889;426.0
2026-02-26T09:35:09.931209;268.0;117.0;117.0;76.0;0.0;193.0;234.0;193.0;41.0;0;0.0;0.0;193.0;0.0;439.9561382172667;426.0
2026-02-26T09:35:09.938142;268.0;117.0;117.0;85.0;0.0;202.0;234.0;202.0;32.0;0;0.0;0.0;202.0;0.0;439.95619244873336;426.0
2026-02-26T09:36:09.890749;268.0;106.0;117.0;85.0;0.0;202.0;212.0;202.0;10.0;0;0.0;0.0;202.0;0.0;440.1027432658445;426.0
2026-02-26T09:36:09.892892;268.0;106.0;106.0;85.0;0.0;191.0;212.0;191.0;21.0;0;0.0;0.0;191.0;0.0;440.1027542665778;426.0
2026-02-26T09:36:09.899325;268.0;106.0;106.0;93.0;0.0;199.0;212.0;199.0;13.0;0;0.0;0.0;199.0;0.0;440.1027747092222;426.0
2026-02-26T09:37:09.869726;268.0;106.0;106.0;91.0;0.0;197.0;212.0;197.0;15.0;0;0.0;0.0;197.0;0.0;440.32266617955554;426.0
2026-02-26T09:38:09.894046;268.0;113.0;106.0;91.0;0.0;197.0;226.0;197.0;29.0;0;0.0;0.0;197.0;0.0;440.74817191466667;426.0
2026-02-26T09:38:09.896083;268.0;113.0;113.0;91.0;0.0;204.0;226.0;204.0;22.0;0;0.0;0.0;204.0;0.0;440.7481828692;426.0
2026-02-26T09:38:09.903007;268.0;113.0;113.0;85.0;0.0;198.0;226.0;198.0;28.0;0;0.0;0.0;198.0;0.0;440.7482302601333;426.0
2026-02-26T09:39:09.942676;268.0;116.0;113.0;85.0;0.0;198.0;232.0;198.0;34.0;0;0.0;0.0;198.0;0.0;441.24722662026664;426.0
2026-02-26T09:39:09.944804;268.0;116.0;116.0;85.0;0.0;201.0;232.0;201.0;31.0;0;0.0;0.0;201.0;0.0;441.2472427457778;426.0
2026-02-26T09:39:09.951380;268.0;116.0;116.0;82.0;0.0;198.0;232.0;198.0;34.0;0;0.0;0.0;198.0;0.0;441.2472973996444;426.0
2026-02-26T09:41:10.080372;268.0;121.0;116.0;82.0;0.0;198.0;242.0;198.0;44.0;0;0.0;0.0;198.0;0.0;442.5393514469333;426.0
2026-02-26T09:41:10.082503;268.0;121.0;121.0;82.0;0.0;203.0;242.0;203.0;39.0;0;0.0;0.0;203.0;0.0;442.53937176246666;426.0
2026-02-26T09:41:10.089396;268.0;121.0;121.0;81.0;0.0;202.0;242.0;202.0;40.0;0;0.0;0.0;202.0;0.0;442.53943916068886;426.0
2026-02-26T09:45:15.881555;268.0;120.0;121.0;81.0;0.0;202.0;240.0;202.0;38.0;0;0.0;0.0;202.0;0.0;444.8225752154;426.0
2026-02-26T09:45:15.883368;268.0;120.0;120.0;81.0;0.0;201.0;240.0;201.0;39.0;0;0.0;0.0;201.0;0.0;444.8225924993333;426.0
2026-02-26T09:45:15.889842;268.0;120.0;120.0;97.0;0.0;217.0;240.0;217.0;23.0;0;0.0;0.0;217.0;0.0;444.8226288976;426.0
2026-02-26T09:50:15.870695;268.0;123.0;120.0;97.0;0.0;217.0;246.0;217.0;29.0;0;0.0;0.0;217.0;0.0;446.9491598333111;426.0
2026-02-26T09:50:15.872701;268.0;123.0;123.0;97.0;0.0;220.0;246.0;220.0;26.0;0;0.0;0.0;220.0;0.0;446.94917258255555;426.0
2026-02-26T09:50:15.878864;268.0;123.0;123.0;98.0;0.0;221.0;246.0;221.0;25.0;0;0.0;0.0;221.0;0.0;446.94921024533335;426.0
2026-02-26T09:55:20.900585;268.0;110.0;123.0;98.0;0.0;221.0;220.0;220.0;0.0;0;1.0;1.0;221.0;0.0;446.82816987985717;426.0
2026-02-26T09:55:20.907970;268.0;110.0;110.0;98.0;0.0;208.0;220.0;208.0;12.0;0;0.0;0.0;208.0;0.0;446.8281915425238;426.0
2026-02-26T09:55:20.909684;268.0;110.0;110.0;106.0;0.0;216.0;220.0;216.0;4.0;0;0.0;0.0;216.0;0.0;446.82819321843493;426.0
2026-02-26T10:00:20.901863;268.0;99.0;110.0;106.0;0.0;216.0;198.0;198.0;0.0;0;18.0;18.0;216.0;0.0;444.6853919398635;426.0
2026-02-26T10:00:20.909325;268.0;99.0;99.0;106.0;0.0;205.0;198.0;198.0;0.0;0;7.0;7.0;205.0;0.0;444.6853712120857;426.0
2026-02-26T10:00:20.911326;268.0;99.0;99.0;137.0;0.0;236.0;198.0;198.0;0.0;0;38.0;38.0;236.0;0.0;444.6853410382762;426.0
2026-02-26T10:05:25.875901;268.0;101.0;99.0;137.0;0.0;236.0;202.0;202.0;0.0;0;34.0;34.0;236.0;0.0;440.57073962954604;426.0
2026-02-26T10:05:25.878174;268.0;101.0;101.0;137.0;0.0;238.0;202.0;202.0;0.0;0;36.0;36.0;238.0;0.0;440.57070715811744;426.0
2026-02-26T10:05:25.879850;268.0;101.0;101.0;132.0;0.0;233.0;202.0;202.0;0.0;0;31.0;31.0;233.0;0.0;440.5706865406571;426.0
2026-02-26T10:10:25.929336;268.0;103.0;101.0;132.0;0.0;233.0;206.0;206.0;0.0;0;27.0;27.0;233.0;0.0;437.35587061922854;426.0
2026-02-26T10:10:25.931176;268.0;103.0;103.0;132.0;0.0;235.0;206.0;206.0;0.0;0;29.0;29.0;235.0;0.0;437.3558494446254;426.0
2026-02-26T10:10:25.937242;268.0;103.0;103.0;114.0;0.0;217.0;206.0;206.0;0.0;0;11.0;11.0;217.0;0.0;437.35582296605395;426.0
2026-02-26T10:15:30.883094;268.0;154.0;103.0;114.0;0.0;217.0;308.0;217.0;91.0;0;0.0;0.0;217.0;0.0;444.13917402943173;426.0
2026-02-26T10:15:30.885079;268.0;154.0;154.0;114.0;0.0;268.0;308.0;268.0;40.0;0;0.0;0.0;268.0;0.0;444.1391934383206;426.0
2026-02-26T10:15:30.892127;268.0;154.0;154.0;61.0;0.0;215.0;308.0;215.0;93.0;0;0.0;0.0;215.0;0.0;444.1393536628539;426.0
2026-02-26T10:20:30.859923;268.0;191.0;154.0;61.0;0.0;215.0;382.0;215.0;167.0;0;0.0;0.0;215.0;0.0;456.3847056906761;426.0
2026-02-26T10:20:30.862023;268.0;191.0;191.0;61.0;0.0;252.0;382.0;252.0;130.0;0;0.0;0.0;252.0;0.0;456.38477242400944;426.0
2026-02-26T10:20:30.868938;268.0;191.0;191.0;22.0;0.0;213.0;382.0;213.0;169.0;0;0.0;0.0;213.0;0.0;456.3850580903428;426.0
2026-02-26T10:21:30.975167;268.0;176.0;191.0;22.0;0.0;213.0;352.0;213.0;139.0;0;0.0;0.0;213.0;0.0;458.42733418236503;426.0
2026-02-26T10:21:30.977174;268.0;176.0;176.0;22.0;0.0;198.0;352.0;198.0;154.0;0;0.0;0.0;198.0;0.0;458.42740973476504;426.0
2026-02-26T10:21:30.984021;268.0;176.0;176.0;38.0;0.0;214.0;352.0;214.0;138.0;0;0.0;0.0;214.0;0.0;458.4276407068984;426.0
2026-02-26T10:22:30.897540;268.0;156.0;176.0;38.0;0.0;214.0;312.0;214.0;98.0;0;0.0;0.0;214.0;0.0;459.86290233983175;426.0
2026-02-26T10:22:30.899571;268.0;156.0;156.0;38.0;0.0;194.0;312.0;194.0;118.0;0;0.0;0.0;194.0;0.0;459.8629609228984;426.0
2026-02-26T10:22:30.906274;268.0;156.0;156.0;57.0;0.0;213.0;312.0;213.0;99.0;0;0.0;0.0;213.0;0.0;459.8631231354984;426.0
2026-02-26T10:23:35.319825;268.0;145.0;156.0;57.0;0.0;213.0;290.0;213.0;77.0;0;0.0;0.0;213.0;0.0;461.0755293065429;426.0
2026-02-26T10:23:35.322081;268.0;145.0;145.0;57.0;0.0;202.0;290.0;202.0;88.0;0;0.0;0.0;202.0;0.0;461.0755778356095;426.0
2026-02-26T10:23:35.327817;268.0;145.0;145.0;68.0;0.0;213.0;290.0;213.0;77.0;0;0.0;0.0;213.0;0.0;461.07568579987617;426.0
2026-02-26T10:24:35.923337;268.0;132.0;145.0;68.0;0.0;213.0;264.0;213.0;51.0;0;0.0;0.0;213.0;0.0;461.8311099492095;426.0
2026-02-26T10:24:35.925511;268.0;132.0;132.0;68.0;0.0;200.0;264.0;200.0;64.0;0;0.0;0.0;200.0;0.0;461.8311439602317;426.0
2026-02-26T10:24:35.930758;268.0;132.0;132.0;79.0;0.0;211.0;264.0;211.0;53.0;0;0.0;0.0;211.0;0.0;461.8312119380317;426.0
2026-02-26T10:25:35.881787;268.0;127.0;132.0;79.0;0.0;211.0;254.0;211.0;43.0;0;0.0;0.0;211.0;0.0;462.4613638650761;426.0
2026-02-26T10:25:35.883806;268.0;127.0;127.0;79.0;0.0;206.0;254.0;206.0;48.0;0;0.0;0.0;206.0;0.0;462.46138755467615;426.0
2026-02-26T10:25:35.890414;268.0;127.0;127.0;84.0;0.0;211.0;254.0;211.0;43.0;0;0.0;0.0;211.0;0.0;462.4614570120984;426.0
2026-02-26T10:30:35.950097;268.0;196.0;127.0;84.0;0.0;211.0;392.0;211.0;181.0;0;0.0;0.0;211.0;0.0;475.73743098660947;426.0
2026-02-26T10:30:35.952271;268.0;196.0;196.0;84.0;0.0;280.0;392.0;280.0;112.0;0;0.0;0.0;280.0;0.0;475.73749050589834;426.0
2026-02-26T10:30:35.959153;268.0;196.0;196.0;16.0;0.0;212.0;392.0;212.0;180.0;0;0.0;0.0;212.0;0.0;475.73779331389835;426.0
2026-02-26T10:35:40.881003;268.0;143.0;196.0;16.0;0.0;212.0;286.0;212.0;74.0;0;0.0;0.0;212.0;0.0;481.2534907783428;426.0
2026-02-26T10:35:40.883105;268.0;143.0;143.0;16.0;0.0;159.0;286.0;159.0;127.0;0;0.0;0.0;159.0;0.0;481.253556033765;426.0
2026-02-26T10:35:40.890050;268.0;143.0;143.0;90.0;0.0;233.0;286.0;233.0;53.0;0;0.0;0.0;233.0;0.0;481.25364601009835;426.0
2026-02-26T10:40:40.881155;268.0;162.0;143.0;90.0;0.0;233.0;324.0;233.0;91.0;0;0.0;0.0;233.0;0.0;487.92678147909834;426.0
2026-02-26T10:40:40.883195;268.0;162.0;162.0;90.0;0.0;252.0;324.0;252.0;72.0;0;0.0;0.0;252.0;0.0;487.92681738309835;426.0
2026-02-26T10:40:40.890002;268.0;162.0;162.0;51.0;0.0;213.0;324.0;213.0;111.0;0;0.0;0.0;213.0;0.0;487.92700207969835;426.0
2026-02-26T10:45:45.911576;268.0;130.0;162.0;51.0;0.0;213.0;260.0;213.0;47.0;0;0.0;0.0;213.0;0.0;491.43136105209834;426.0
2026-02-26T10:45:45.913617;268.0;130.0;130.0;51.0;0.0;181.0;260.0;181.0;79.0;0;0.0;0.0;181.0;0.0;491.4314004660761;426.0
2026-02-26T10:45:45.920103;268.0;130.0;130.0;83.0;0.0;213.0;260.0;213.0;47.0;0;0.0;0.0;213.0;0.0;491.4314749830095;426.0
2026-02-26T10:50:45.893363;268.0;180.0;130.0;83.0;0.0;213.0;360.0;213.0;147.0;0;0.0;0.0;213.0;0.0;502.2105141256761;426.0
2026-02-26T10:50:45.895375;268.0;180.0;180.0;83.0;0.0;263.0;360.0;263.0;97.0;0;0.0;0.0;263.0;0.0;502.21056183243167;426.0
2026-02-26T10:50:45.902363;268.0;180.0;180.0;15.0;0.0;195.0;360.0;195.0;165.0;0;0.0;0.0;195.0;0.0;502.21084368176497;426.0
2026-02-26T10:56:01.887115;268.0;184.0;180.0;15.0;0.0;195.0;368.0;195.0;173.0;0;0.0;0.0;195.0;0.0;515.5734877496761;426.0
2026-02-26T10:56:01.889213;268.0;184.0;184.0;15.0;0.0;199.0;368.0;199.0;169.0;0;0.0;0.0;199.0;0.0;515.5735744203872;426.0
2026-02-26T10:56:01.896379;268.0;184.0;184.0;11.0;0.0;195.0;368.0;195.0;173.0;0;0.0;0.0;195.0;0.0;515.573877462565;426.0
2026-02-26T11:01:01.872751;268.0;180.0;184.0;11.0;0.0;195.0;360.0;195.0;165.0;0;0.0;0.0;195.0;0.0;527.672924466565;426.0
2026-02-26T11:01:01.874758;268.0;180.0;180.0;11.0;0.0;191.0;360.0;191.0;169.0;0;0.0;0.0;191.0;0.0;527.673007377965;426.0
2026-02-26T11:01:01.881818;268.0;180.0;180.0;13.0;0.0;193.0;360.0;193.0;167.0;0;0.0;0.0;193.0;0.0;527.6732955828538;426.0
2026-02-26T11:06:17.879877;268.0;186.0;180.0;13.0;0.0;193.0;372.0;193.0;179.0;0;0.0;0.0;193.0;0.0;541.499966208876;426.0
2026-02-26T11:06:17.881993;268.0;186.0;186.0;13.0;0.0;199.0;372.0;199.0;173.0;0;0.0;0.0;199.0;0.0;541.5000556921649;426.0
2026-02-26T11:06:17.888909;268.0;186.0;186.0;8.0;0.0;194.0;372.0;194.0;178.0;0;0.0;0.0;194.0;0.0;541.5003566150093;426.0
2026-02-26T11:10:17.879185;268.0;214.0;186.0;8.0;0.0;194.0;428.0;194.0;234.0;0;0.0;0.0;194.0;0.0;555.2278004022093;426.0
2026-02-26T11:10:17.881335;268.0;214.0;214.0;8.0;0.0;222.0;428.0;222.0;206.0;0;0.0;0.0;222.0;0.0;555.2279086666537;426.0
2026-02-26T11:10:17.888102;268.0;214.0;214.0;1.0;0.0;215.0;428.0;215.0;213.0;0;0.0;0.0;215.0;0.0;555.228261001787;426.0
2026-02-26T11:11:17.923106;268.0;283.0;214.0;1.0;0.0;215.0;566.0;215.0;351.0;0;0.0;0.0;215.0;0.0;560.3792643449871;426.0
2026-02-26T11:11:17.930809;268.0;283.0;215.0;1.0;0.0;216.0;566.0;216.0;350.0;0;0.0;0.0;216.0;0.0;560.3799233794315;426.0
2026-02-26T11:11:17.932575;268.0;283.0;215.0;0.0;0.0;215.0;566.0;215.0;351.0;0;0.0;0.0;215.0;0.0;560.3800749022315;426.0
2026-02-26T11:11:17.937149;268.0;283.0;215.0;0.0;68.0;215.0;566.0;215.0;351.0;0;0.0;0.0;215.0;0.0;560.3804673514315;426.00007603004445
2026-02-26T11:12:17.871492;268.0;278.0;215.0;0.0;68.0;215.0;556.0;215.0;341.0;0;0.0;0.0;215.0;0.0;565.3763278090538;426.99631799813335
2026-02-26T11:12:17.879101;268.0;278.0;214.0;0.0;68.0;214.0;556.0;214.0;342.0;0;0.0;0.0;214.0;0.0;565.3769639214538;426.99644447662223
2026-02-26T11:12:17.884984;268.0;278.0;214.0;0.0;64.0;214.0;556.0;214.0;342.0;0;0.0;0.0;214.0;0.0;565.3774557402538;426.9965365128889
2026-02-26T11:13:17.889492;268.0;219.0;214.0;0.0;64.0;214.0;438.0;214.0;224.0;0;0.0;0.0;214.0;0.0;568.6630359116316;427.9352737047111
2026-02-26T11:13:17.897289;268.0;219.0;219.0;0.0;64.0;219.0;438.0;219.0;219.0;0;0.0;0.0;219.0;0.0;568.6634533110316;427.9353956844444
2026-02-26T11:13:17.899028;268.0;219.0;219.0;41.0;64.0;260.0;438.0;260.0;178.0;0;0.0;0.0;260.0;0.0;568.6635289768539;427.9354228901333
2026-02-26T11:13:17.906690;268.0;219.0;219.0;41.0;0.0;260.0;438.0;260.0;178.0;0;0.0;0.0;260.0;0.0;568.6638623589872;427.9354228901333
2026-02-26T11:14:22.316013;268.0;207.0;219.0;41.0;0.0;260.0;414.0;260.0;154.0;0;0.0;0.0;260.0;0.0;571.088515540365;427.9354228901333
2026-02-26T11:14:22.318055;268.0;207.0;207.0;41.0;0.0;248.0;414.0;248.0;166.0;0;0.0;0.0;248.0;0.0;571.0885984001873;427.9354228901333
2026-02-26T11:14:22.324634;268.0;207.0;207.0;29.0;0.0;236.0;414.0;236.0;178.0;0;0.0;0.0;236.0;0.0;571.0888846597873;427.9354228901333
2026-02-26T11:15:22.901726;268.0;209.0;207.0;29.0;0.0;236.0;418.0;236.0;182.0;0;0.0;0.0;236.0;0.0;573.7838921749873;427.9354228901333
2026-02-26T11:15:22.903899;268.0;209.0;209.0;29.0;0.0;238.0;418.0;238.0;180.0;0;0.0;0.0;238.0;0.0;573.7839877869873;427.9354228901333
2026-02-26T11:15:22.905383;268.0;209.0;209.0;27.0;0.0;236.0;418.0;236.0;182.0;0;0.0;0.0;236.0;0.0;573.7840538084984;427.9354228901333
2026-02-26T11:16:22.938393;268.0;245.0;209.0;27.0;0.0;236.0;490.0;236.0;254.0;0;0.0;0.0;236.0;0.0;577.5114366960539;427.9354228901333
2026-02-26T11:16:22.940407;268.0;245.0;245.0;27.0;0.0;272.0;490.0;272.0;218.0;0;0.0;0.0;272.0;0.0;577.5115440198762;427.9354228901333
2026-02-26T11:16:22.947627;268.0;245.0;245.0;0.0;0.0;245.0;490.0;245.0;245.0;0;0.0;0.0;245.0;0.0;577.511976417654;427.9354228901333
2026-02-26T11:21:22.871522;268.0;223.0;245.0;0.0;0.0;245.0;446.0;245.0;201.0;0;0.0;0.0;245.0;0.0;592.2482371253207;427.9354228901333
2026-02-26T11:21:22.873605;268.0;223.0;223.0;0.0;0.0;223.0;446.0;223.0;223.0;0;0.0;0.0;223.0;0.0;592.2483506719651;427.9354228901333
2026-02-26T11:21:22.880704;268.0;223.0;223.0;4.0;0.0;227.0;446.0;227.0;219.0;0;0.0;0.0;227.0;0.0;592.2487307050984;427.9354228901333
2026-02-26T11:26:27.870508;268.0;223.0;223.0;0.0;0.0;223.0;446.0;223.0;223.0;0;0.0;0.0;223.0;0.0;608.8740637986984;427.9354228901333
2026-02-26T11:31:27.905272;268.0;293.0;223.0;0.0;0.0;223.0;586.0;223.0;363.0;0;0.0;0.0;223.0;0.0;635.4971485242985;427.9354228901333
2026-02-26T11:31:27.912897;268.0;293.0;201.0;0.0;0.0;201.0;586.0;201.0;385.0;0;0.0;0.0;201.0;0.0;635.4978661215207;427.9354228901333
2026-02-26T11:31:27.922602;268.0;293.0;201.0;0.0;92.0;201.0;586.0;201.0;385.0;0;0.0;0.0;201.0;0.0;635.4987794698541;427.93564114479994
2026-02-26T11:36:32.937218;268.0;187.0;201.0;0.0;92.0;201.0;374.0;201.0;173.0;0;0.0;0.0;201.0;0.0;648.3975086753652;434.79508095351105
2026-02-26T11:36:32.939643;268.0;187.0;187.0;0.0;92.0;187.0;374.0;187.0;187.0;0;0.0;0.0;187.0;0.0;648.3976195248097;434.7951354890666
2026-02-26T11:36:32.941380;268.0;187.0;187.0;20.0;92.0;207.0;374.0;207.0;167.0;0;0.0;0.0;207.0;0.0;648.3976904330096;434.7951745522666
2026-02-26T11:36:32.945700;268.0;187.0;187.0;20.0;0.0;207.0;374.0;207.0;167.0;0;0.0;0.0;207.0;0.0;648.3978667850097;434.7951745522666
2026-02-26T11:41:32.884347;268.0;256.0;187.0;20.0;0.0;207.0;512.0;207.0;305.0;0;0.0;0.0;207.0;0.0;670.7599592446763;434.7951745522666
2026-02-26T11:41:32.892000;268.0;256.0;196.0;20.0;0.0;216.0;512.0;216.0;296.0;0;0.0;0.0;216.0;0.0;670.760512981743;434.7951745522666
2026-02-26T11:41:32.893675;268.0;256.0;196.0;0.0;0.0;196.0;512.0;196.0;316.0;0;0.0;0.0;196.0;0.0;670.7606423661874;434.7951745522666
2026-02-26T11:41:32.897665;268.0;256.0;196.0;0.0;60.0;196.0;512.0;196.0;316.0;0;0.0;0.0;196.0;0.0;670.7609505715208;434.79523307226657
2026-02-26T11:46:37.877290;268.0;276.0;196.0;0.0;60.0;196.0;552.0;196.0;356.0;0;0.0;0.0;196.0;0.0;697.3009552715207;439.26826757226655
2026-02-26T11:46:37.893486;268.0;276.0;196.0;0.0;80.0;196.0;552.0;196.0;356.0;0;0.0;0.0;196.0;0.0;697.3023646834318;439.26858429404433
2026-02-26T11:51:37.885842;268.0;254.0;196.0;0.0;80.0;196.0;508.0;196.0;312.0;0;0.0;0.0;196.0;0.0;720.1817817010318;445.1351014780443
2026-02-26T11:51:37.893595;268.0;254.0;171.0;0.0;80.0;171.0;508.0;171.0;337.0;0;0.0;0.0;171.0;0.0;720.1824203759429;445.1352530922665
2026-02-26T11:51:37.900272;268.0;254.0;171.0;0.0;83.0;171.0;508.0;171.0;337.0;0;0.0;0.0;171.0;0.0;720.1829704123651;445.13538856117765
2026-02-26T11:56:53.983660;268.0;300.0;171.0;0.0;83.0;171.0;600.0;171.0;429.0;0;0.0;0.0;171.0;0.0;753.3295817006317;451.5483692999332
2026-02-26T11:56:53.991439;268.0;300.0;191.0;0.0;83.0;191.0;600.0;191.0;409.0;0;0.0;0.0;191.0;0.0;753.3303594277651;451.54852712719986
2026-02-26T11:56:53.992427;295.0;300.0;191.0;0.0;83.0;191.0;600.0;191.0;409.0;0;0.0;0.0;191.0;0.0;753.3304582058095;451.5485471726221
2026-02-26T11:56:53.997271;295.0;300.0;191.0;0.0;109.0;191.0;600.0;191.0;409.0;0;0.0;0.0;191.0;0.0;753.330942498165;451.548676238311
2026-02-26T11:57:53.872962;295.0;299.0;191.0;0.0;109.0;191.0;598.0;191.0;407.0;0;0.0;0.0;191.0;0.0;759.2879084672094;453.1440307607332
2026-02-26T11:57:53.880717;295.0;299.0;196.0;0.0;109.0;196.0;598.0;196.0;402.0;0;0.0;0.0;196.0;0.0;759.2886705252093;453.14423738839986
2026-02-26T11:57:53.887040;295.0;299.0;196.0;0.0;103.0;196.0;598.0;196.0;402.0;0;0.0;0.0;196.0;0.0;759.2892918653426;453.14439658748876
2026-02-26T11:58:53.976117;295.0;314.0;196.0;0.0;103.0;196.0;628.0;196.0;432.0;0;0.0;0.0;196.0;0.0;765.6346983965426;454.6573060150665
2026-02-26T11:58:53.978369;295.0;314.0;194.0;0.0;103.0;194.0;628.0;194.0;434.0;0;0.0;0.0;194.0;0.0;765.6349373087204;454.6573627154221
2026-02-26T11:58:53.989616;295.0;314.0;194.0;0.0;120.0;194.0;628.0;194.0;434.0;0;0.0;0.0;194.0;0.0;765.6361304904538;454.6576926274221
2026-02-26T11:59:53.902936;295.0;333.0;194.0;0.0;120.0;194.0;666.0;194.0;472.0;0;0.0;0.0;194.0;0.0;772.5487962113426;456.41515001408874
2026-02-26T11:59:53.916326;295.0;333.0;194.0;0.0;139.0;194.0;666.0;194.0;472.0;0;0.0;0.0;194.0;0.0;772.550341119787;456.4156049765332
2026-02-26T12:00:53.999434;295.0;338.0;194.0;0.0;139.0;194.0;676.0;194.0;482.0;0;0.0;0.0;194.0;0.0;779.6294664223648;458.4570954683554
2026-02-26T12:00:54.007047;295.0;338.0;210.0;0.0;139.0;210.0;676.0;210.0;466.0;0;0.0;0.0;210.0;0.0;779.6303336276536;458.45735414117763
2026-02-26T12:00:54.013338;295.0;338.0;210.0;0.0;128.0;210.0;676.0;210.0;466.0;0;0.0;0.0;210.0;0.0;779.6310502424536;458.4575509795776
2026-02-26T12:01:53.906055;295.0;337.0;210.0;0.0;128.0;210.0;674.0;210.0;464.0;0;0.0;0.0;210.0;0.0;786.4242152995203;460.3315275470443
2026-02-26T12:01:53.908039;295.0;337.0;215.0;0.0;128.0;215.0;674.0;215.0;459.0;0;0.0;0.0;215.0;0.0;786.4244379043203;460.33158962419986
2026-02-26T12:01:53.919813;295.0;337.0;215.0;0.0;122.0;215.0;674.0;215.0;459.0;0;0.0;0.0;215.0;0.0;786.4257589471202;460.3319407510443
2026-02-26T12:06:58.890009;295.0;364.0;215.0;0.0;122.0;215.0;728.0;215.0;513.0;0;0.0;0.0;215.0;0.0;824.6690215255203;469.426829707311
2026-02-26T12:06:58.897822;295.0;364.0;196.0;0.0;122.0;196.0;728.0;196.0;532.0;0;0.0;0.0;196.0;0.0;824.6700375627647;469.4270627083332
2026-02-26T12:06:58.905902;295.0;364.0;196.0;0.0;168.0;196.0;728.0;196.0;532.0;0;0.0;0.0;196.0;0.0;824.6710883218758;469.4273945269999
2026-02-26T12:11:58.879086;295.0;344.0;196.0;0.0;168.0;196.0;688.0;196.0;492.0;0;0.0;0.0;196.0;0.0;860.7478632509425;481.74629328326654
2026-02-26T12:11:58.886814;295.0;344.0;178.0;0.0;168.0;178.0;688.0;178.0;510.0;0;0.0;0.0;178.0;0.0;860.7488266749425;481.74661064646654
2026-02-26T12:11:58.893282;295.0;344.0;178.0;0.0;166.0;178.0;688.0;178.0;510.0;0;0.0;0.0;178.0;0.0;860.7496330189425;481.7468731035332
2026-02-26T12:17:03.938995;295.0;343.0;178.0;0.0;166.0;178.0;686.0;178.0;508.0;0;0.0;0.0;178.0;0.0;898.6295317799203;494.12495025771096
2026-02-26T12:17:03.946323;295.0;343.0;180.0;0.0;166.0;180.0;686.0;180.0;506.0;0;0.0;0.0;180.0;0.0;898.630438172098;494.1252476116665
2026-02-26T12:17:03.947555;322.0;343.0;180.0;0.0;166.0;180.0;686.0;180.0;506.0;0;0.0;0.0;180.0;0.0;898.6305905568091;494.1252976034887
2026-02-26T12:17:03.953547;322.0;343.0;180.0;0.0;163.0;180.0;686.0;180.0;506.0;0;0.0;0.0;180.0;0.0;898.6313317006313;494.12553635139983
2026-02-26T12:22:06.876545;322.0;349.0;180.0;0.0;163.0;180.0;698.0;180.0;518.0;0;0.0;0.0;180.0;0.0;936.9881148696091;506.1953349161554
2026-02-26T12:22:06.878744;322.0;349.0;176.0;0.0;163.0;176.0;698.0;176.0;522.0;0;0.0;0.0;176.0;0.0;936.9883954620092;506.1954225340887
2026-02-26T12:22:06.890389;322.0;349.0;176.0;0.0;173.0;176.0;698.0;176.0;522.0;0;0.0;0.0;176.0;0.0;936.9898813640092;506.19591498819983
2026-02-26T12:27:11.884016;322.0;357.0;176.0;0.0;173.0;176.0;714.0;176.0;538.0;0;0.0;0.0;176.0;0.0;977.099932132587;519.093756592222
2026-02-26T12:27:11.891961;322.0;357.0;175.0;0.0;173.0;175.0;714.0;175.0;539.0;0;0.0;0.0;175.0;0.0;977.1009789304759;519.0940925774443
2026-02-26T12:27:11.892934;349.0;357.0;175.0;0.0;173.0;175.0;714.0;175.0;539.0;0;0.0;0.0;175.0;0.0;977.1011071286315;519.0941337245331
2026-02-26T12:27:11.922072;349.0;357.0;175.0;0.0;182.0;175.0;714.0;175.0;539.0;0;0.0;0.0;175.0;0.0;977.1049462220093;519.0954300417775
2026-02-26T12:32:11.883716;349.0;318.0;175.0;0.0;182.0;175.0;636.0;175.0;461.0;0;0.0;0.0;175.0;0.0;1010.9072905936538;532.4403902926219
2026-02-26T12:32:11.891409;349.0;318.0;220.0;0.0;182.0;220.0;636.0;220.0;416.0;0;0.0;0.0;220.0;0.0;1010.908072886276;532.4407325456442
2026-02-26T12:32:11.897600;349.0;318.0;220.0;0.0;98.0;220.0;636.0;220.0;416.0;0;0.0;0.0;220.0;0.0;1010.9087024421872;532.4408808544887
2026-02-26T12:37:16.880600;349.0;347.0;220.0;0.0;98.0;220.0;694.0;220.0;474.0;0;0.0;0.0;220.0;0.0;1046.246066042187;539.7469180544887
2026-02-26T12:37:16.888451;349.0;347.0;216.0;0.0;98.0;216.0;694.0;216.0;478.0;0;0.0;0.0;216.0;0.0;1046.2469833879204;539.7471061295554
2026-02-26T12:37:16.899141;349.0;347.0;216.0;0.0;131.0;216.0;694.0;216.0;478.0;0;0.0;0.0;216.0;0.0;1046.2482324550315;539.747448447111
2026-02-26T12:42:16.888935;349.0;321.0;216.0;0.0;131.0;216.0;642.0;216.0;426.0;0;0.0;0.0;216.0;0.0;1077.4871696702314;549.3537882949777
2026-02-26T12:42:16.897490;376.0;321.0;216.0;0.0;131.0;216.0;642.0;216.0;426.0;0;0.0;0.0;216.0;0.0;1077.488060530898;549.3540622450888
2026-02-26T12:42:16.932849;376.0;321.0;216.0;0.0;105.0;216.0;642.0;216.0;426.0;0;0.0;0.0;216.0;0.0;1077.4917425814315;549.3549697927555
2026-02-26T12:43:16.897234;376.0;369.0;216.0;0.0;105.0;216.0;738.0;216.0;522.0;0;0.0;0.0;216.0;0.0;1085.1431981074315;550.8940556744221
2026-02-26T12:43:16.899498;376.0;369.0;193.0;0.0;105.0;193.0;738.0;193.0;545.0;0;0.0;0.0;193.0;0.0;1085.1434997225426;550.8941137837554
2026-02-26T12:43:16.910555;376.0;369.0;193.0;0.0;176.0;193.0;738.0;193.0;545.0;0;0.0;0.0;193.0;0.0;1085.1449727606537;550.8945894804665
2026-02-26T12:44:16.879137;376.0;377.0;193.0;0.0;176.0;193.0;754.0;193.0;561.0;0;0.0;0.0;193.0;0.0;1093.3686643055871;553.474571141622
2026-02-26T12:44:16.886672;376.0;377.0;196.0;0.0;176.0;196.0;754.0;196.0;558.0;0;0.0;0.0;196.0;0.0;1093.3696920795871;553.4748953140665
2026-02-26T12:44:16.897620;376.0;377.0;196.0;0.0;181.0;196.0;754.0;196.0;558.0;0;0.0;0.0;196.0;0.0;1093.3711853867871;553.4753797022444
2026-02-26T12:45:21.325460;376.0;372.0;196.0;0.0;181.0;196.0;744.0;196.0;548.0;0;0.0;0.0;196.0;0.0;1102.0016524872317;556.3259536897999
2026-02-26T12:45:21.345962;376.0;372.0;196.0;0.0;176.0;196.0;744.0;196.0;548.0;0;0.0;0.0;196.0;0.0;1102.0043988440316;556.3268357313999
2026-02-26T12:46:21.933710;376.0;378.0;196.0;0.0;176.0;196.0;756.0;196.0;560.0;0;0.0;0.0;196.0;0.0;1110.2981883480315;558.9334552897999
2026-02-26T12:46:21.935990;376.0;378.0;195.0;0.0;176.0;195.0;756.0;195.0;561.0;0;0.0;0.0;195.0;0.0;1110.2985010120315;558.9335533804666
2026-02-26T12:46:21.957918;376.0;378.0;195.0;0.0;183.0;195.0;756.0;195.0;561.0;0;0.0;0.0;195.0;0.0;1110.3015080717648;558.934534293
2026-02-26T12:47:21.922548;376.0;400.0;195.0;0.0;183.0;195.0;800.0;195.0;605.0;0;0.0;0.0;195.0;0.0;1119.1696105750982;561.616952075
2026-02-26T12:47:21.930271;376.0;400.0;196.0;0.0;183.0;196.0;800.0;196.0;604.0;0;0.0;0.0;196.0;0.0;1119.1707508331426;561.6172975505333
2026-02-26T12:47:21.943589;376.0;400.0;196.0;0.0;204.0;196.0;800.0;196.0;604.0;0;0.0;0.0;196.0;0.0;1119.1727171618538;561.6179616748
2026-02-26T12:48:21.898429;376.0;420.0;196.0;0.0;204.0;196.0;840.0;196.0;644.0;0;0.0;0.0;196.0;0.0;1128.6109413076315;564.6077096961333
2026-02-26T12:48:21.905944;376.0;420.0;195.0;0.0;204.0;195.0;840.0;195.0;645.0;0;0.0;0.0;195.0;0.0;1128.6121261726314;564.6080844441333
2026-02-26T12:48:21.915527;376.0;420.0;195.0;0.0;225.0;195.0;840.0;195.0;645.0;0;0.0;0.0;195.0;0.0;1128.6136370922982;564.6086115091333
2026-02-26T12:52:21.870870;376.0;428.0;195.0;0.0;225.0;195.0;856.0;195.0;661.0;0;0.0;0.0;195.0;0.0;1167.3850881801427;577.8061553741334
2026-02-26T12:52:21.878804;376.0;428.0;191.0;0.0;225.0;191.0;856.0;191.0;665.0;0;0.0;0.0;191.0;0.0;1167.3863778959205;577.8065917441334
2026-02-26T12:52:21.891836;376.0;428.0;191.0;0.0;237.0;191.0;856.0;191.0;665.0;0;0.0;0.0;191.0;0.0;1167.3884963199205;577.8073467313334
2026-02-26T12:57:26.880137;376.0;441.0;191.0;0.0;237.0;191.0;882.0;191.0;691.0;0;0.0;0.0;191.0;0.0;1218.9044091177204;595.4763356359334
2026-02-26T12:57:26.887965;376.0;441.0;194.0;0.0;237.0;194.0;882.0;194.0;688.0;0;0.0;0.0;194.0;0.0;1218.905725613365;595.4767891380668
2026-02-26T12:57:26.888917;403.0;441.0;194.0;0.0;237.0;194.0;882.0;194.0;688.0;0;0.0;0.0;194.0;0.0;1218.9058857186094;595.4768442906002
2026-02-26T12:57:26.895153;403.0;441.0;194.0;0.0;247.0;194.0;882.0;194.0;688.0;0;0.0;0.0;194.0;0.0;1218.9069344752315;595.4772208064225
2026-02-26T13:02:26.902813;403.0;519.0;194.0;0.0;247.0;194.0;1038.0;194.0;844.0;0;0.0;0.0;194.0;0.0;1280.801848151676;613.5910166335335
2026-02-26T13:02:26.910504;403.0;519.0;184.0;0.0;247.0;184.0;1038.0;184.0;854.0;0;0.0;0.0;184.0;0.0;1280.803453690654;613.5914809990225
2026-02-26T13:02:26.911591;430.0;519.0;184.0;0.0;247.0;184.0;1038.0;184.0;854.0;0;0.0;0.0;184.0;0.0;1280.8036806079429;613.5915466296669
2026-02-26T13:02:26.916915;430.0;519.0;184.0;0.0;335.0;184.0;1038.0;184.0;854.0;0;0.0;0.0;184.0;0.0;1280.8047920225206;613.5919826061114
2026-02-26T13:07:31.884879;430.0;544.0;184.0;0.0;335.0;184.0;1088.0;184.0;904.0;0;0.0;0.0;184.0;0.0;1348.195935000654;638.5654703247781
2026-02-26T13:07:31.892502;430.0;544.0;175.0;0.0;335.0;175.0;1088.0;175.0;913.0;0;0.0;0.0;175.0;0.0;1348.1976362848538;638.566094563778
2026-02-26T13:07:31.893500;456.0;544.0;175.0;0.0;335.0;175.0;1088.0;175.0;913.0;0;0.0;0.0;175.0;0.0;1348.197859016276;638.5661762888892
2026-02-26T13:07:31.898931;456.0;544.0;175.0;0.0;369.0;175.0;1088.0;175.0;913.0;0;0.0;0.0;175.0;0.0;1348.199071094787;638.5666661650893
2026-02-26T13:12:31.933826;456.0;449.0;175.0;0.0;369.0;175.0;898.0;175.0;723.0;0;0.0;0.0;175.0;0.0;1401.2252382044537;665.6298136940893
2026-02-26T13:12:31.941683;456.0;449.0;213.0;0.0;369.0;213.0;898.0;213.0;685.0;0;0.0;0.0;213.0;0.0;1401.2265538154538;665.6305223954893
2026-02-26T13:12:31.942672;483.0;449.0;213.0;0.0;369.0;213.0;898.0;213.0;685.0;0;0.0;0.0;213.0;0.0;1401.2267194180095;665.6306116032893
2026-02-26T13:12:31.954281;483.0;449.0;213.0;0.0;236.0;213.0;898.0;213.0;685.0;0;0.0;0.0;213.0;0.0;1401.2286632805651;665.6312813136003
2026-02-26T13:16:36.932324;483.0;372.0;213.0;0.0;236.0;213.0;744.0;213.0;531.0;0;0.0;0.0;213.0;0.0;1433.0268132619651;679.7637924164447
2026-02-26T13:16:36.934569;483.0;372.0;215.0;0.0;236.0;215.0;744.0;215.0;529.0;0;0.0;0.0;215.0;0.0;1433.0271035654096;679.7639219280003
2026-02-26T13:16:37.000816;483.0;372.0;215.0;0.0;157.0;215.0;744.0;215.0;529.0;0;0.0;0.0;215.0;0.0;1433.0356700385873;679.7664643406447
2026-02-26T13:22:36.905715;483.0;568.0;215.0;0.0;157.0;215.0;1136.0;215.0;921.0;0;0.0;0.0;215.0;0.0;1514.062259633454;693.5788145756003
2026-02-26T13:22:36.913538;483.0;568.0;800.0;0.0;157.0;800.0;1136.0;800.0;336.0;0;0.0;0.0;800.0;0.0;1514.0629021625207;693.5791148049558
2026-02-26T13:22:36.914500;456.0;568.0;800.0;0.0;157.0;800.0;1136.0;800.0;336.0;0;0.0;0.0;800.0;0.0;1514.0629811747874;693.579151724378
2026-02-26T13:22:36.915384;456.0;568.0;800.0;750.0;157.0;1550.0;1136.0;1136.0;0.0;0;64.0;414.0;1200.0;350.0;1514.0629587239937;693.5791856503336
2026-02-26T13:22:36.919590;456.0;568.0;800.0;750.0;0.0;1550.0;1136.0;1136.0;0.0;0;64.0;414.0;1200.0;350.0;1514.062851904946;693.5791856503336
2026-02-26T13:26:41.897988;456.0;585.0;800.0;750.0;0.0;1550.0;1170.0;1170.0;0.0;0;30.0;380.0;1200.0;350.0;1511.146442404946;693.5791856503336
2026-02-26T13:26:41.900252;456.0;585.0;236.0;750.0;0.0;986.0;1170.0;986.0;184.0;0;0.0;0.0;986.0;0.0;1511.1465442346348;693.5791856503336
2026-02-26T13:26:41.907337;456.0;585.0;236.0;0.0;0.0;236.0;1170.0;236.0;934.0;0;0.0;0.0;236.0;0.0;1511.148161818857;693.5791856503336
2026-02-26T13:26:41.920497;456.0;585.0;236.0;0.0;349.0;236.0;1170.0;236.0;934.0;0;0.0;0.0;236.0;0.0;1511.1511663930792;693.5803083445558
2026-02-26T13:32:41.893186;456.0;433.0;236.0;0.0;349.0;236.0;866.0;236.0;630.0;0;0.0;0.0;236.0;0.0;1566.5869604990792;724.2899784128002
2026-02-26T13:32:41.901137;456.0;433.0;548.0;0.0;349.0;548.0;866.0;548.0;318.0;0;0.0;0.0;548.0;0.0;1566.5875785568126;724.2906567214446
2026-02-26T13:32:41.902109;483.0;433.0;548.0;0.0;349.0;548.0;866.0;548.0;318.0;0;0.0;0.0;548.0;0.0;1566.5876541136126;724.2907396438446
2026-02-26T13:32:41.907195;483.0;433.0;548.0;0.0;0.0;548.0;866.0;548.0;318.0;0;0.0;0.0;548.0;0.0;1566.5880494653459;724.2907396438446
2026-02-26T13:34:42.005166;483.0;508.0;548.0;0.0;0.0;548.0;1016.0;548.0;468.0;0;0.0;0.0;548.0;0.0;1580.327257347746;724.2907396438446
2026-02-26T13:34:42.012702;483.0;508.0;395.0;0.0;0.0;395.0;1016.0;395.0;621.0;0;0.0;0.0;395.0;0.0;1580.3284013125458;724.2907396438446
2026-02-26T13:34:42.019037;483.0;508.0;395.0;0.0;113.0;395.0;1016.0;395.0;621.0;0;0.0;0.0;395.0;0.0;1580.329362965546;724.2909146306224
2026-02-26T13:35:46.501223;483.0;413.0;395.0;0.0;113.0;395.0;826.0;395.0;431.0;0;0.0;0.0;395.0;0.0;1587.1229194950126;726.072055901689
2026-02-26T13:35:46.503516;483.0;413.0;469.0;0.0;113.0;469.0;826.0;469.0;357.0;0;0.0;0.0;469.0;0.0;1587.1231195974792;726.0721192394446
2026-02-26T13:35:46.521178;483.0;413.0;469.0;0.0;0.0;469.0;826.0;469.0;357.0;0;0.0;0.0;469.0;0.0;1587.1246609013458;726.0721192394446
2026-02-26T13:36:46.938053;483.0;474.0;469.0;0.0;0.0;469.0;948.0;469.0;479.0;0;0.0;0.0;469.0;0.0;1594.1988056652347;726.0721192394446
2026-02-26T13:36:46.940377;483.0;474.0;309.0;0.0;0.0;309.0;948.0;309.0;639.0;0;0.0;0.0;309.0;0.0;1594.1991686740346;726.0721192394446
2026-02-26T13:36:46.960187;483.0;474.0;309.0;0.0;165.0;309.0;948.0;309.0;639.0;0;0.0;0.0;309.0;0.0;1594.2022629960345;726.072918242778
2026-02-26T13:37:46.879794;483.0;458.0;309.0;0.0;165.0;309.0;916.0;309.0;607.0;0;0.0;0.0;309.0;0.0;1603.0930011280122;728.4896757251113
2026-02-26T13:37:46.887707;483.0;458.0;691.0;0.0;165.0;691.0;916.0;691.0;225.0;0;0.0;0.0;691.0;0.0;1603.0934363430122;728.489994882778
2026-02-26T13:37:46.894446;483.0;458.0;691.0;0.0;0.0;691.0;916.0;691.0;225.0;0;0.0;0.0;691.0;0.0;1603.0938069880121;728.489994882778
2026-02-26T13:38:46.878044;483.0;425.0;691.0;0.0;0.0;691.0;850.0;691.0;159.0;0;0.0;0.0;691.0;0.0;1605.4251694969455;728.489994882778
2026-02-26T13:38:46.880301;483.0;425.0;799.0;0.0;0.0;799.0;850.0;799.0;51.0;0;0.0;0.0;799.0;0.0;1605.425197634212;728.489994882778
2026-02-26T13:38:46.887508;483.0;425.0;799.0;912.0;0.0;1711.0;850.0;850.0;0.0;0;350.0;861.0;1200.0;511.0;1605.4243431457296;728.489994882778
2026-02-26T13:39:46.953033;483.0;447.0;799.0;912.0;0.0;1711.0;894.0;894.0;0.0;0;306.0;817.0;1200.0;511.0;1599.1980387249978;728.489994882778
2026-02-26T13:39:46.960551;483.0;447.0;697.0;912.0;0.0;1609.0;894.0;894.0;0.0;0;306.0;715.0;1200.0;409.0;1599.1972594201197;728.489994882778
2026-02-26T13:39:46.962535;483.0;447.0;697.0;0.0;0.0;697.0;894.0;697.0;197.0;0;0.0;0.0;697.0;0.0;1599.197354960742;728.489994882778
2026-02-26T13:41:46.897940;483.0;413.0;697.0;0.0;0.0;697.0;826.0;697.0;129.0;0;0.0;0.0;697.0;0.0;1602.9793180650752;728.489994882778
2026-02-26T13:41:46.905904;483.0;413.0;195.0;0.0;0.0;195.0;826.0;195.0;631.0;0;0.0;0.0;195.0;0.0;1602.9805464678307;728.489994882778
2026-02-26T13:41:46.911697;483.0;413.0;195.0;0.0;218.0;195.0;826.0;195.0;631.0;0;0.0;0.0;195.0;0.0;1602.9814400058974;728.4903035853113
2026-02-26T13:46:52.923820;483.0;1026.0;195.0;0.0;218.0;195.0;2052.0;195.0;1857.0;0;0.0;0.0;195.0;0.0;1741.8905430396974;744.7973496065113
2026-02-26T13:46:52.926034;483.0;1026.0;220.0;0.0;218.0;220.0;2052.0;220.0;1832.0;0;0.0;0.0;220.0;0.0;1741.8915345180974;744.7974675881113
2026-02-26T13:46:52.932396;537.0;1026.0;220.0;0.0;218.0;220.0;2052.0;220.0;1832.0;0;0.0;0.0;220.0;0.0;1741.894383563075;744.7978066120224
2026-02-26T13:46:52.944938;537.0;1026.0;220.0;0.0;806.0;220.0;2052.0;220.0;1832.0;0;0.0;0.0;220.0;0.0;1741.9000001493862;744.8002776647336
2026-02-26T13:47:52.869506;537.0;1016.0;220.0;0.0;806.0;220.0;2032.0;220.0;1812.0;0;0.0;0.0;220.0;0.0;1768.4425888021863;756.6067492178003
2026-02-26T13:47:52.876988;537.0;1016.0;214.0;0.0;806.0;214.0;2032.0;214.0;1818.0;0;0.0;0.0;214.0;0.0;1768.4459138029863;756.608223338067
2026-02-26T13:47:52.883820;537.0;1016.0;214.0;0.0;802.0;214.0;2032.0;214.0;1818.0;0;0.0;0.0;214.0;0.0;1768.4489499437864;756.6095627137114
2026-02-26T13:48:52.882932;537.0;1259.0;214.0;0.0;802.0;214.0;2518.0;214.0;2304.0;0;0.0;0.0;214.0;0.0;1802.2404498221863;768.3720552929113
2026-02-26T13:48:52.891434;564.0;1259.0;214.0;0.0;802.0;214.0;2518.0;214.0;2304.0;0;0.0;0.0;214.0;0.0;1802.2452381485864;768.373722062778
2026-02-26T13:48:52.896737;564.0;1259.0;214.0;0.0;1045.0;214.0;2518.0;214.0;2304.0;0;0.0;0.0;214.0;0.0;1802.2482247981864;768.375076684667
2026-02-26T13:49:52.925689;564.0;1350.0;214.0;0.0;1045.0;214.0;2700.0;214.0;2486.0;0;0.0;0.0;214.0;0.0;1838.727151940231;783.7091389788892
2026-02-26T13:49:52.964077;564.0;1350.0;214.0;0.0;1136.0;214.0;2700.0;214.0;2486.0;0;0.0;0.0;214.0;0.0;1838.7504799012975;783.7197988999559
2026-02-26T13:50:52.893333;564.0;1343.0;214.0;0.0;1136.0;214.0;2686.0;214.0;2472.0;0;0.0;0.0;214.0;0.0;1874.963731660231;800.3614874105336
2026-02-26T13:50:52.901746;591.0;1343.0;214.0;0.0;1136.0;214.0;2686.0;214.0;2472.0;0;0.0;0.0;214.0;0.0;1874.9688153556976;800.3638236071558
2026-02-26T13:50:52.909796;591.0;1343.0;214.0;0.0;1129.0;214.0;2686.0;214.0;2472.0;0;0.0;0.0;214.0;0.0;1874.9736797023643;800.3660452282669
2026-02-26T13:51:52.874607;591.0;1309.0;214.0;0.0;1129.0;214.0;2618.0;214.0;2404.0;0;0.0;0.0;214.0;0.0;1910.2116677486754;816.9150005129113
2026-02-26T13:51:52.910125;618.0;1309.0;214.0;0.0;1129.0;214.0;2618.0;214.0;2404.0;0;0.0;0.0;214.0;0.0;1910.2325397040531;816.9248026916224
2026-02-26T13:51:52.925341;618.0;1309.0;214.0;0.0;1095.0;214.0;2618.0;214.0;2404.0;0;0.0;0.0;214.0;0.0;1910.2414813019197;816.9288755076224
2026-02-26T13:52:52.888314;618.0;1304.0;214.0;0.0;1095.0;214.0;2608.0;214.0;2394.0;0;0.0;0.0;214.0;0.0;1945.3318131015199;832.9789646139557
2026-02-26T13:52:52.901225;618.0;1304.0;214.0;0.0;1090.0;214.0;2608.0;214.0;2394.0;0;0.0;0.0;214.0;0.0;1945.3393686187198;832.9824046781779
2026-02-26T13:56:57.879280;618.0;1233.0;214.0;0.0;1090.0;214.0;2466.0;214.0;2252.0;0;0.0;0.0;214.0;0.0;2080.197065917831;898.2554464437335
2026-02-26T13:56:57.881606;618.0;1233.0;213.0;0.0;1090.0;213.0;2466.0;213.0;2253.0;0;0.0;0.0;213.0;0.0;2080.1983469235643;898.2560661935113
2026-02-26T13:56:57.888028;698.0;1233.0;213.0;0.0;1090.0;213.0;2466.0;213.0;2253.0;0;0.0;0.0;213.0;0.0;2080.201883733031;898.2577772997336
2026-02-26T13:56:57.901108;698.0;1233.0;213.0;0.0;1020.0;213.0;2466.0;213.0;2253.0;0;0.0;0.0;213.0;0.0;2080.2090873250313;898.2610385797335
2026-02-26T14:01:57.891577;698.0;1174.0;213.0;0.0;1020.0;213.0;2348.0;213.0;2135.0;0;0.0;0.0;213.0;0.0;2236.770779868698;973.0586621837335
2026-02-26T14:01:57.899408;698.0;1174.0;194.0;0.0;1020.0;194.0;2348.0;194.0;2154.0;0;0.0;0.0;194.0;0.0;2236.7749031512312;973.0606147130669
2026-02-26T14:01:57.900352;779.0;1174.0;194.0;0.0;1020.0;194.0;2348.0;194.0;2154.0;0;0.0;0.0;194.0;0.0;2236.7754001986978;973.0608500837336
2026-02-26T14:01:57.906505;779.0;1174.0;194.0;0.0;980.0;194.0;2348.0;194.0;2154.0;0;0.0;0.0;194.0;0.0;2236.778639958298;973.0623240690669
2026-02-26T14:07:02.917244;779.0;1143.0;194.0;0.0;980.0;194.0;2286.0;194.0;2092.0;0;0.0;0.0;194.0;0.0;2392.754353866476;1046.1293411006225
2026-02-26T14:07:02.923151;779.0;1143.0;191.0;0.0;980.0;191.0;2286.0;191.0;2095.0;0;0.0;0.0;191.0;0.0;2392.757378906809;1046.1307561552892
2026-02-26T14:07:02.924144;833.0;1143.0;191.0;0.0;980.0;191.0;2286.0;191.0;2095.0;0;0.0;0.0;191.0;0.0;2392.7578874331425;1046.1309940339559
2026-02-26T14:07:02.944238;833.0;1143.0;191.0;0.0;952.0;191.0;2286.0;191.0;2095.0;0;0.0;0.0;191.0;0.0;2392.768177793809;1046.1356701310226
2026-02-26T14:12:02.909505;833.0;1116.0;191.0;0.0;952.0;191.0;2232.0;191.0;2041.0;0;0.0;0.0;191.0;0.0;2542.4241824475203;1115.9409207093338
2026-02-26T14:12:02.917487;833.0;1116.0;173.0;0.0;952.0;173.0;2232.0;173.0;2059.0;0;0.0;0.0;173.0;0.0;2542.4281998768092;1115.9427782094226
2026-02-26T14:12:02.918419;913.0;1116.0;173.0;0.0;952.0;173.0;2232.0;173.0;2059.0;0;0.0;0.0;173.0;0.0;2542.4286689627647;1115.9429950961783
2026-02-26T14:12:02.924226;913.0;1116.0;173.0;0.0;943.0;173.0;2232.0;173.0;2059.0;0;0.0;0.0;173.0;0.0;2542.431591690387;1115.9443336742004
2026-02-26T14:17:07.880600;913.0;1129.0;173.0;0.0;943.0;173.0;2258.0;173.0;2085.0;0;0.0;0.0;173.0;0.0;2697.85769030572;1186.2401662853558
2026-02-26T14:17:07.882952;913.0;1129.0;174.0;0.0;943.0;174.0;2258.0;174.0;2084.0;0;0.0;0.0;174.0;0.0;2697.8588884667865;1186.2407084474892
2026-02-26T14:17:07.889238;994.0;1129.0;174.0;0.0;943.0;174.0;2258.0;174.0;2084.0;0;0.0;0.0;174.0;0.0;2697.8620906948754;1186.2421574403336
2026-02-26T14:17:07.901492;994.0;1129.0;174.0;0.0;955.0;174.0;2258.0;174.0;2084.0;0;0.0;0.0;174.0;0.0;2697.8683331547863;1186.2450180685557
2026-02-26T14:22:07.884132;994.0;1111.0;174.0;0.0;955.0;174.0;2222.0;174.0;2048.0;0;0.0;0.0;174.0;0.0;2848.0463090196754;1256.2742988063335
2026-02-26T14:22:07.891972;994.0;1111.0;176.0;0.0;955.0;176.0;2222.0;176.0;2046.0;0;0.0;0.0;176.0;0.0;2848.0502300650087;1256.2761290107778
2026-02-26T14:22:07.892917;1048.0;1111.0;176.0;0.0;955.0;176.0;2222.0;176.0;2046.0;0;0.0;0.0;176.0;0.0;2848.0507026910086;1256.276349615778
2026-02-26T14:22:07.898756;1048.0;1111.0;176.0;0.0;935.0;176.0;2222.0;176.0;2046.0;0;0.0;0.0;176.0;0.0;2848.0536229695417;1256.2776841516668
2026-02-26T14:27:13.008540;1048.0;1099.0;176.0;0.0;935.0;176.0;2198.0;176.0;2022.0;0;0.0;0.0;176.0;0.0;2998.8592188746084;1326.0122203392223
2026-02-26T14:27:13.010789;1048.0;1099.0;194.0;0.0;935.0;194.0;2198.0;194.0;2004.0;0;0.0;0.0;194.0;0.0;2998.8603205847417;1326.0127343606666
2026-02-26T14:27:13.042671;1128.0;1099.0;194.0;0.0;935.0;194.0;2198.0;194.0;2004.0;0;0.0;0.0;194.0;0.0;2998.8759385138083;1326.020021168889
2026-02-26T14:27:13.056139;1128.0;1099.0;194.0;0.0;905.0;194.0;2198.0;194.0;2004.0;0;0.0;0.0;194.0;0.0;2998.8825360380747;1326.0230005897777
2026-02-26T14:32:12.914630;1128.0;1088.0;194.0;0.0;905.0;194.0;2176.0;194.0;1982.0;0;0.0;0.0;194.0;0.0;3144.1606431665637;1392.358362321
2026-02-26T14:32:12.922470;1128.0;1088.0;198.0;0.0;905.0;198.0;2176.0;198.0;1978.0;0;0.0;0.0;198.0;0.0;3144.164433893675;1392.360096703222
2026-02-26T14:32:12.923451;1182.0;1088.0;198.0;0.0;905.0;198.0;2176.0;198.0;1978.0;0;0.0;0.0;198.0;0.0;3144.1649082180747;1392.3603137222221
2026-02-26T14:32:12.934440;1182.0;1088.0;198.0;0.0;890.0;198.0;2176.0;198.0;1978.0;0;0.0;0.0;198.0;0.0;3144.1702215216746;1392.3627044402222
2026-02-26T14:37:17.890101;1182.0;1065.0;198.0;0.0;890.0;198.0;2130.0;198.0;1932.0;0;0.0;0.0;198.0;0.0;3288.190615023275;1458.7075026888888
2026-02-26T14:37:17.892444;1182.0;1065.0;192.0;0.0;890.0;192.0;2130.0;192.0;1938.0;0;0.0;0.0;192.0;0.0;3288.1917249804746;1458.7080124215554
2026-02-26T14:37:17.898714;1263.0;1065.0;192.0;0.0;890.0;192.0;2130.0;192.0;1938.0;0;0.0;0.0;192.0;0.0;3288.1946952884746;1458.7093764948888
2026-02-26T14:37:17.911507;1263.0;1065.0;192.0;0.0;873.0;192.0;2130.0;192.0;1938.0;0;0.0;0.0;192.0;0.0;3288.2007557590077;1458.7121065210888
2026-02-26T14:42:17.872168;1263.0;979.0;192.0;0.0;873.0;192.0;1958.0;192.0;1766.0;0;0.0;0.0;192.0;0.0;3417.6904402164746;1522.7237115784887
2026-02-26T14:42:17.880019;1263.0;979.0;197.0;0.0;873.0;197.0;1958.0;197.0;1761.0;0;0.0;0.0;197.0;0.0;3417.693819810275;1522.7253869818887
2026-02-26T14:42:17.880968;1317.0;979.0;197.0;0.0;873.0;197.0;1958.0;197.0;1761.0;0;0.0;0.0;197.0;0.0;3417.6942283231415;1522.7255894984887
2026-02-26T14:42:17.897233;1317.0;979.0;197.0;0.0;782.0;197.0;1958.0;197.0;1761.0;0;0.0;0.0;197.0;0.0;3417.701229863475;1522.7286986435997
2026-02-26T14:47:22.873808;1317.0;1034.0;197.0;0.0;782.0;197.0;2068.0;197.0;1871.0;0;0.0;0.0;197.0;0.0;3557.1839607540305;1581.0266652691553
2026-02-26T14:47:22.876088;1317.0;1034.0;198.0;0.0;782.0;198.0;2068.0;198.0;1870.0;0;0.0;0.0;198.0;0.0;3557.1850029673637;1581.027101103822
2026-02-26T14:47:22.882516;1397.0;1034.0;198.0;0.0;782.0;198.0;2068.0;198.0;1870.0;0;0.0;0.0;198.0;0.0;3557.187941277586;1581.028329851733
2026-02-26T14:47:22.895124;1397.0;1034.0;198.0;0.0;836.0;198.0;2068.0;198.0;1870.0;0;0.0;0.0;198.0;0.0;3557.193704534475;1581.0309063665773
2026-02-26T14:48:22.874390;1397.0;1025.0;198.0;0.0;836.0;198.0;2050.0;198.0;1852.0;0;0.0;0.0;198.0;0.0;3584.346984688964;1593.2880025918216
2026-02-26T14:48:22.876653;1397.0;1025.0;199.0;0.0;836.0;199.0;2050.0;199.0;1851.0;0;0.0;0.0;199.0;0.0;3584.3480086210307;1593.2884650484439
2026-02-26T14:48:22.888519;1397.0;1025.0;199.0;0.0;826.0;199.0;2050.0;199.0;1851.0;0;0.0;0.0;199.0;0.0;3584.3533775904975;1593.2908609256883
2026-02-26T14:49:22.890218;1397.0;1020.0;199.0;0.0;826.0;199.0;2040.0;199.0;1841.0;0;0.0;0.0;199.0;0.0;3611.3554755115865;1605.4058706393328
2026-02-26T14:49:22.897943;1397.0;1020.0;200.0;0.0;826.0;200.0;2040.0;200.0;1840.0;0;0.0;0.0;200.0;0.0;3611.3589500449198;1605.407430402666
2026-02-26T14:49:22.899133;1424.0;1020.0;200.0;0.0;826.0;200.0;2040.0;200.0;1840.0;0;0.0;0.0;200.0;0.0;3611.3594852804754;1605.4076706768883
2026-02-26T14:49:22.904462;1424.0;1020.0;200.0;0.0;820.0;200.0;2040.0;200.0;1840.0;0;0.0;0.0;200.0;0.0;3611.3618821462533;1605.4087388453327
2026-02-26T14:50:22.868550;1424.0;1020.0;196.0;0.0;820.0;196.0;2040.0;196.0;1844.0;0;0.0;0.0;196.0;0.0;3638.3910279460756;1617.4282071511104
2026-02-26T14:50:22.874243;1424.0;1020.0;196.0;3.0;820.0;199.0;2040.0;199.0;1841.0;0;0.0;0.0;199.0;0.0;3638.3935899225867;1617.4293482813328
2026-02-26T14:50:22.878797;1424.0;1020.0;196.0;3.0;824.0;199.0;2040.0;199.0;1841.0;0;0.0;0.0;199.0;0.0;3638.395639323787;1617.4302655581328
2026-02-26T14:51:22.878645;1424.0;1021.0;196.0;3.0;824.0;199.0;2042.0;199.0;1843.0;0;0.0;0.0;199.0;0.0;3665.4262375127646;1629.5155682752884
2026-02-26T14:51:22.880435;1424.0;1021.0;197.0;3.0;824.0;200.0;2042.0;200.0;1842.0;0;0.0;0.0;200.0;0.0;3665.4270434900977;1629.5159288210662
2026-02-26T14:51:22.886104;1451.0;1021.0;197.0;3.0;824.0;200.0;2042.0;200.0;1842.0;0;0.0;0.0;200.0;0.0;3665.429596051831;1629.5170706836439
2026-02-26T14:51:22.887048;1451.0;1021.0;197.0;0.0;824.0;197.0;2042.0;197.0;1845.0;0;0.0;0.0;197.0;0.0;3665.430021795831;1629.5172608262217
2026-02-26T14:52:22.880363;1451.0;1018.0;197.0;0.0;824.0;197.0;2036.0;197.0;1839.0;0;0.0;0.0;197.0;0.0;3692.399016665498;1641.6012476519995
2026-02-26T14:52:22.887994;1451.0;1018.0;198.0;0.0;824.0;198.0;2036.0;198.0;1838.0;0;0.0;0.0;198.0;0.0;3692.402445189009;1641.6027847049772
2026-02-26T14:52:22.893791;1451.0;1018.0;198.0;0.0;820.0;198.0;2036.0;198.0;1838.0;0;0.0;0.0;198.0;0.0;3692.405049716698;1641.6039466814216
2026-02-26T14:57:27.885882;1451.0;1010.0;198.0;0.0;820.0;198.0;2020.0;198.0;1822.0;0;0.0;0.0;198.0;0.0;3828.241749446076;1702.737916921866
2026-02-26T14:57:27.888129;1451.0;1010.0;195.0;0.0;820.0;195.0;2020.0;195.0;1825.0;0;0.0;0.0;195.0;0.0;3828.242751857743;1702.7383673205327
2026-02-26T14:57:27.894500;1505.0;1010.0;195.0;0.0;820.0;195.0;2020.0;195.0;1825.0;0;0.0;0.0;195.0;0.0;3828.2455940316318;1702.7396443520881
2026-02-26T14:57:27.907054;1505.0;1010.0;195.0;0.0;815.0;195.0;2020.0;195.0;1825.0;0;0.0;0.0;195.0;0.0;3828.2511945105207;1702.742145387866
2026-02-26T15:02:27.917273;1505.0;1006.0;195.0;0.0;815.0;195.0;2012.0;195.0;1817.0;0;0.0;0.0;195.0;0.0;3961.5024000028097;1762.5108479064215
2026-02-26T15:02:27.924701;1505.0;1006.0;197.0;0.0;815.0;197.0;2012.0;197.0;1815.0;0;0.0;0.0;197.0;0.0;3961.5056955588097;1762.5123277290882
2026-02-26T15:02:27.925886;1585.0;1006.0;197.0;0.0;815.0;197.0;2012.0;197.0;1815.0;0;0.0;0.0;197.0;0.0;3961.5062213038095;1762.5125638074214
2026-02-26T15:02:27.931324;1585.0;1006.0;197.0;0.0;809.0;197.0;2012.0;197.0;1815.0;0;0.0;0.0;197.0;0.0;3961.508633963143;1762.5136392021325
2026-02-26T15:07:32.883109;1585.0;1018.0;197.0;0.0;809.0;197.0;2036.0;197.0;1839.0;0;0.0;0.0;197.0;0.0;4098.594626380143;1822.8195488624658
2026-02-26T15:07:32.885343;1585.0;1018.0;354.0;0.0;809.0;354.0;2036.0;354.0;1682.0;0;0.0;0.0;354.0;0.0;4098.595544901655;1822.819990648377
2026-02-26T15:07:32.891883;1639.0;1018.0;354.0;0.0;809.0;354.0;2036.0;354.0;1682.0;0;0.0;0.0;354.0;0.0;4098.598233858988;1822.8212839697103
2026-02-26T15:07:32.905375;1639.0;1018.0;354.0;0.0;664.0;354.0;2036.0;354.0;1682.0;0;0.0;0.0;354.0;0.0;4098.603781169744;1822.8234738712215
2026-02-26T15:12:32.889808;1639.0;974.0;354.0;0.0;664.0;354.0;1948.0;354.0;0;1594.0;0.0;0.0;354.0;0.0;4152.0;1871.5142805074881
2026-02-26T15:12:32.897664;1639.0;974.0;349.0;0.0;664.0;349.0;1948.0;349.0;0;1599.0;0.0;0.0;349.0;0.0;4152.0;1871.515555623577
2026-02-26T15:12:32.898626;1666.0;974.0;349.0;0.0;664.0;349.0;1948.0;349.0;0;1599.0;0.0;0.0;349.0;0.0;4152.0;1871.515711766866
2026-02-26T15:12:32.904062;1666.0;974.0;349.0;0.0;625.0;349.0;1948.0;349.0;0;1599.0;0.0;0.0;349.0;0.0;4152.0;1871.5165422668658
2026-02-26T15:16:37.377892;1666.0;901.0;349.0;0.0;625.0;349.0;1802.0;349.0;0;1453.0;0.0;0.0;349.0;0.0;4152.0;1908.8667107390881
2026-02-26T15:16:37.380168;1666.0;901.0;800.0;0.0;625.0;800.0;1802.0;800.0;0;1002.0;0.0;0.0;800.0;0.0;4152.0;1908.8670584613103
2026-02-26T15:16:37.386598;1720.0;901.0;800.0;0.0;625.0;800.0;1802.0;800.0;0;1002.0;0.0;0.0;800.0;0.0;4152.0;1908.8680408224213
2026-02-26T15:16:37.387539;1720.0;901.0;800.0;1304.0;625.0;2104.0;1802.0;1200;0;602.0;0;904.0;1200;904.0;4152.0;1908.8681845863102
2026-02-26T15:16:37.399596;1720.0;901.0;800.0;1304.0;101.0;2104.0;1802.0;1200;0;602.0;0;904.0;1200;904.0;4152.0;1908.8684822602436
2026-02-26T15:17:37.888864;1720.0;879.0;800.0;1304.0;101.0;2104.0;1758.0;1200;0;558.0;0;904.0;1200;904.0;4152.0;1910.3618950768657
2026-02-26T15:17:37.891176;1720.0;879.0;799.0;1304.0;101.0;2103.0;1758.0;1200;0;558.0;0;903.0;1200;903.0;4152.0;1910.3619521575768
2026-02-26T15:17:37.898186;1720.0;879.0;799.0;1275.0;101.0;2074.0;1758.0;1200;0;558.0;0;874.0;1200;874.0;4152.0;1910.3621252266878
2026-02-26T15:17:37.911206;1720.0;879.0;799.0;1275.0;80.0;2074.0;1758.0;1200;0;558.0;0;874.0;1200;874.0;4152.0;1910.362379840021
2026-02-26T15:18:37.879210;1720.0;834.0;799.0;1275.0;80.0;2074.0;1668.0;1200;0;468.0;0;874.0;1200;874.0;4152.0;1911.5350874737987
2026-02-26T15:18:37.887853;1693.0;834.0;799.0;1275.0;80.0;2074.0;1668.0;1200;0;468.0;0;874.0;1200;874.0;4152.0;1911.5352564924654
2026-02-26T15:18:37.888668;1693.0;834.0;799.0;1271.0;80.0;2070.0;1668.0;1200;0;468.0;0;870.0;1200;870.0;4152.0;1911.5352724302431
2026-02-26T15:18:37.893088;1693.0;834.0;799.0;1271.0;35.0;2070.0;1668.0;1200;0;468.0;0;870.0;1200;870.0;4152.0;1911.5353102457987
2026-02-26T15:19:37.888615;1693.0;883.0;799.0;1271.0;35.0;2070.0;1766.0;1200;0;566.0;0;870.0;1200;870.0;4152.0;1912.048605310132
2026-02-26T15:19:37.896121;1693.0;883.0;800.0;1271.0;35.0;2071.0;1766.0;1200;0;566.0;0;871.0;1200;871.0;4152.0;1912.048669528132
2026-02-26T15:19:37.897911;1693.0;883.0;800.0;1280.0;35.0;2080.0;1766.0;1200;0;566.0;0;880.0;1200;880.0;4152.0;1912.0486848425764
2026-02-26T15:19:37.902491;1693.0;883.0;800.0;1280.0;83.0;2080.0;1766.0;1200;0;566.0;0;880.0;1200;880.0;4152.0;1912.0487777656876
2026-02-26T15:20:37.877631;1693.0;825.0;800.0;1280.0;83.0;2080.0;1650.0;1200;0;450.0;0;880.0;1200;880.0;4152.0;1913.2656067172431
2026-02-26T15:20:37.879868;1693.0;825.0;799.0;1280.0;83.0;2079.0;1650.0;1200;0;450.0;0;879.0;1200;879.0;4152.0;1913.2656521034876
2026-02-26T15:20:37.886830;1693.0;825.0;799.0;1275.0;83.0;2074.0;1650.0;1200;0;450.0;0;874.0;1200;874.0;4152.0;1913.265793354732
2026-02-26T15:20:37.891850;1693.0;825.0;799.0;1275.0;26.0;2074.0;1650.0;1200;0;450.0;0;874.0;1200;874.0;4152.0;1913.265825259621
2026-02-26T15:21:37.886787;1693.0;795.0;799.0;1275.0;26.0;2074.0;1590.0;1200;0;390.0;0;874.0;1200;874.0;4152.0;1913.6471264147765
2026-02-26T15:21:37.894288;1693.0;795.0;800.0;1275.0;26.0;2075.0;1590.0;1200;0;390.0;0;875.0;1200;875.0;4152.0;1913.6471740877987
2026-02-26T15:21:37.896071;1693.0;795.0;800.0;1282.0;26.0;2082.0;1590.0;1200;0;390.0;0;882.0;1200;882.0;4152.0;1913.6471854197544
2026-02-26T15:21:37.900682;1693.0;795.0;800.0;1282.0;0.0;2082.0;1590.0;1200;0;390.0;0;882.0;1200;882.0;4152.0;1913.6471854197544
2026-02-26T15:22:37.872561;1693.0;760.0;800.0;1282.0;0.0;2082.0;1520.0;1200;0;320.0;0;882.0;1200;882.0;4152.0;1913.6471854197544
2026-02-26T15:22:37.880255;1693.0;760.0;799.0;1282.0;0.0;2081.0;1520.0;1200;0;320.0;0;881.0;1200;881.0;4152.0;1913.6471854197544
2026-02-26T15:22:37.881952;1693.0;760.0;799.0;1264.0;0.0;2063.0;1520.0;1200;0;320.0;0;863.0;1200;863.0;4152.0;1913.6471854197544
2026-02-26T15:27:42.937236;1693.0;822.0;799.0;1264.0;0.0;2063.0;1644.0;1200;0;444.0;0;863.0;1200;863.0;4152.0;1913.6471854197544
2026-02-26T15:27:42.939468;1693.0;822.0;800.0;1264.0;0.0;2064.0;1644.0;1200;0;444.0;0;864.0;1200;864.0;4152.0;1913.6471854197544
2026-02-26T15:27:42.946410;1693.0;822.0;800.0;1268.0;0.0;2068.0;1644.0;1200;0;444.0;0;868.0;1200;868.0;4152.0;1913.6471854197544
2026-02-26T15:27:42.958475;1693.0;822.0;800.0;1268.0;22.0;2068.0;1644.0;1200;0;444.0;0;868.0;1200;868.0;4152.0;1913.6472503026432
2026-02-26T15:32:42.889542;1693.0;474.0;800.0;1268.0;22.0;2068.0;948.0;948.0;0.0;0;252.0;1120.0;1200.0;868.0;4126.396128426829;1915.260212929621
2026-02-26T15:32:42.897315;1693.0;474.0;239.0;1268.0;22.0;1507.0;948.0;948.0;0.0;0;252.0;559.0;1200.0;307.0;4126.395464878048;1915.2602547310878
2026-02-26T15:32:42.898253;1720.0;474.0;239.0;1268.0;22.0;1507.0;948.0;948.0;0.0;0;252.0;559.0;1200.0;307.0;4126.395384804878;1915.2602597754433
2026-02-26T15:32:42.899130;1720.0;474.0;239.0;0.0;22.0;239.0;948.0;239.0;709.0;0;0.0;0.0;239.0;0.0;4126.395536798722;1915.2602644917545
2026-02-26T15:32:42.903789;1720.0;474.0;239.0;0.0;235.0;239.0;948.0;239.0;709.0;0;0.0;0.0;239.0;0.0;4126.3963442551885;1915.2605321254212
2026-02-26T15:37:47.916759;1720.0;601.0;239.0;0.0;235.0;239.0;1202.0;239.0;0;963.0;0.0;0.0;239.0;0.0;4152.0;1932.7818327354212
2026-02-26T15:37:47.918998;1720.0;601.0;251.0;0.0;235.0;251.0;1202.0;251.0;0;951.0;0.0;0.0;251.0;0.0;4152.0;1932.7819613535323
2026-02-26T15:37:47.948744;1747.0;601.0;251.0;0.0;235.0;251.0;1202.0;251.0;0;951.0;0.0;0.0;251.0;0.0;4152.0;1932.7836700959767
2026-02-26T15:37:47.993031;1747.0;601.0;251.0;0.0;350.0;251.0;1202.0;251.0;0;951.0;0.0;0.0;251.0;0.0;4152.0;1932.7874590948657
2026-02-26T15:42:47.871708;1747.0;777.0;251.0;0.0;350.0;251.0;1554.0;251.0;0;1303.0;0.0;0.0;251.0;0.0;4152.0;1958.4437459048656
2026-02-26T15:42:47.879501;1747.0;777.0;242.0;0.0;350.0;242.0;1554.0;242.0;0;1312.0;0.0;0.0;242.0;0.0;4152.0;1958.44441263931
2026-02-26T15:42:47.880454;1774.0;777.0;242.0;0.0;350.0;242.0;1554.0;242.0;0;1312.0;0.0;0.0;242.0;0.0;4152.0;1958.4444941737545
2026-02-26T15:42:47.881477;1774.0;777.0;242.0;6.0;350.0;248.0;1554.0;248.0;0;1306.0;0.0;0.0;248.0;0.0;4152.0;1958.4445816970879
2026-02-26T15:42:47.886104;1774.0;777.0;242.0;6.0;535.0;248.0;1554.0;248.0;0;1306.0;0.0;0.0;248.0;0.0;4152.0;1958.4451868058657
2026-02-26T15:47:52.884841;1774.0;733.0;242.0;6.0;535.0;248.0;1466.0;248.0;0;1218.0;0.0;0.0;248.0;0.0;4152.0;1998.3322438557545
2026-02-26T15:47:52.887050;1774.0;733.0;235.0;6.0;535.0;241.0;1466.0;241.0;0;1225.0;0.0;0.0;241.0;0.0;4152.0;1998.3325327438656
2026-02-26T15:47:52.893251;1827.0;733.0;235.0;6.0;535.0;241.0;1466.0;241.0;0;1225.0;0.0;0.0;241.0;0.0;4152.0;1998.3333436968655
2026-02-26T15:47:52.894290;1827.0;733.0;235.0;3.0;535.0;238.0;1466.0;238.0;0;1228.0;0.0;0.0;238.0;0.0;4152.0;1998.3334795749768
2026-02-26T15:47:52.907440;1827.0;733.0;235.0;3.0;498.0;238.0;1466.0;238.0;0;1228.0;0.0;0.0;238.0;0.0;4152.0;1998.3350803683102
2026-02-26T15:52:53.038871;1827.0;703.0;235.0;3.0;498.0;238.0;1406.0;238.0;0;1168.0;0.0;0.0;238.0;0.0;4152.0;2034.8710799020434
2026-02-26T15:52:53.046922;1827.0;703.0;230.0;3.0;498.0;233.0;1406.0;233.0;0;1173.0;0.0;0.0;233.0;0.0;4152.0;2034.8720599771102
2026-02-26T15:52:53.047862;1854.0;703.0;230.0;3.0;498.0;233.0;1406.0;233.0;0;1173.0;0.0;0.0;233.0;0.0;4152.0;2034.8721744064435
2026-02-26T15:52:53.048729;1854.0;703.0;230.0;0.0;498.0;230.0;1406.0;230.0;0;1176.0;0.0;0.0;230.0;0.0;4152.0;2034.8722799492434
2026-02-26T15:52:53.053495;1854.0;703.0;230.0;0.0;473.0;230.0;1406.0;230.0;0;1176.0;0.0;0.0;230.0;0.0;4152.0;2034.8728310047545
2026-02-26T15:57:57.927124;1854.0;664.0;230.0;0.0;473.0;230.0;1328.0;230.0;0;1098.0;0.0;0.0;230.0;0.0;4152.0;2070.122997486688
2026-02-26T15:57:57.929609;1854.0;664.0;234.0;0.0;473.0;234.0;1328.0;234.0;0;1094.0;0.0;0.0;234.0;0.0;4152.0;2070.12328480791
2026-02-26T15:57:57.936041;1881.0;664.0;234.0;0.0;473.0;234.0;1328.0;234.0;0;1094.0;0.0;0.0;234.0;0.0;4152.0;2070.124028490043
2026-02-26T15:57:57.936954;1881.0;664.0;234.0;3.0;473.0;237.0;1328.0;237.0;0;1091.0;0.0;0.0;237.0;0.0;4152.0;2070.124134053132
2026-02-26T15:57:57.951902;1881.0;664.0;234.0;3.0;430.0;237.0;1328.0;237.0;0;1091.0;0.0;0.0;237.0;0.0;4152.0;2070.125705254021
2026-02-26T16:02:57.909834;1881.0;627.0;234.0;3.0;430.0;237.0;1254.0;237.0;0;1017.0;0.0;0.0;237.0;0.0;4152.0;2101.654616773132
2026-02-26T16:02:57.917820;1881.0;627.0;249.0;3.0;430.0;252.0;1254.0;252.0;0;1002.0;0.0;0.0;252.0;0.0;4152.0;2101.6554561904654
2026-02-26T16:02:57.918742;1908.0;627.0;249.0;3.0;430.0;252.0;1254.0;252.0;0;1002.0;0.0;0.0;252.0;0.0;4152.0;2101.65555310291
2026-02-26T16:02:57.919606;1908.0;627.0;249.0;0.0;430.0;249.0;1254.0;249.0;0;1005.0;0.0;0.0;249.0;0.0;4152.0;2101.65564391891
2026-02-26T16:02:57.929615;1908.0;627.0;249.0;0.0;378.0;249.0;1254.0;249.0;0;1005.0;0.0;0.0;249.0;0.0;4152.0;2101.65656875051
2026-02-26T16:08:02.886822;1908.0;593.0;249.0;0.0;378.0;249.0;1186.0;249.0;0;937.0;0.0;0.0;249.0;0.0;4152.0;2129.83461467731
2026-02-26T16:08:02.889082;1908.0;593.0;232.0;0.0;378.0;232.0;1186.0;232.0;0;954.0;0.0;0.0;232.0;0.0;4152.0;2129.83482350131
2026-02-26T16:08:02.895553;1935.0;593.0;232.0;0.0;378.0;232.0;1186.0;232.0;0;954.0;0.0;0.0;232.0;0.0;4152.0;2129.83542142171
2026-02-26T16:08:02.908968;1935.0;593.0;232.0;0.0;361.0;232.0;1186.0;232.0;0;954.0;0.0;0.0;232.0;0.0;4152.0;2129.8366052209326
2026-02-26T16:13:02.918391;1935.0;560.0;232.0;0.0;361.0;232.0;1120.0;232.0;0;888.0;0.0;0.0;232.0;0.0;4152.0;2156.310770081666
2026-02-26T16:13:02.926142;1935.0;560.0;198.0;0.0;361.0;198.0;1120.0;198.0;0;922.0;0.0;0.0;198.0;0.0;4152.0;2156.3114540643546
2026-02-26T16:13:02.927091;1962.0;560.0;198.0;0.0;361.0;198.0;1120.0;198.0;0;922.0;0.0;0.0;198.0;0.0;4152.0;2156.3115378083326
2026-02-26T16:13:02.969651;1962.0;560.0;198.0;0.0;362.0;198.0;1120.0;198.0;0;922.0;0.0;0.0;198.0;0.0;4152.0;2156.315303895444
2026-02-26T16:18:28.912836;1962.0;529.0;198.0;0.0;362.0;198.0;1058.0;198.0;0;860.0;0.0;0.0;198.0;0.0;4152.0;2185.157654176999
2026-02-26T16:18:28.920492;1962.0;529.0;203.0;0.0;362.0;203.0;1058.0;203.0;0;855.0;0.0;0.0;203.0;0.0;4152.0;2185.1583316479323
2026-02-26T16:18:28.921702;1989.0;529.0;203.0;0.0;362.0;203.0;1058.0;203.0;0;855.0;0.0;0.0;203.0;0.0;4152.0;2185.158438719488
2026-02-26T16:18:28.949287;1989.0;529.0;203.0;0.0;326.0;203.0;1058.0;203.0;0;855.0;0.0;0.0;203.0;0.0;4152.0;2185.160636937488
2026-02-26T16:23:28.875849;1989.0;484.0;203.0;0.0;326.0;203.0;968.0;203.0;0;765.0;0.0;0.0;203.0;0.0;4152.0;2209.0614514115327
2026-02-26T16:23:28.884046;1989.0;484.0;231.0;0.0;326.0;231.0;968.0;231.0;0;737.0;0.0;0.0;231.0;0.0;4152.0;2209.062104621355
2026-02-26T16:23:28.885058;2016.0;484.0;231.0;0.0;326.0;231.0;968.0;231.0;0;737.0;0.0;0.0;231.0;0.0;4152.0;2209.062185266511
2026-02-26T16:23:28.897654;2016.0;484.0;231.0;0.0;253.0;231.0;968.0;231.0;0;737.0;0.0;0.0;231.0;0.0;4152.0;2209.062964259133
2026-02-26T16:24:28.862239;2016.0;480.0;231.0;0.0;253.0;231.0;960.0;231.0;0;729.0;0.0;0.0;231.0;0.0;4152.0;2212.7714407047997
2026-02-26T16:24:28.869699;2016.0;480.0;252.0;0.0;253.0;252.0;960.0;252.0;0;708.0;0.0;0.0;252.0;0.0;4152.0;2212.7719020643553
2026-02-26T16:24:28.878557;2016.0;480.0;252.0;0.0;228.0;252.0;960.0;252.0;0;708.0;0.0;0.0;252.0;0.0;4152.0;2212.772395750222
2026-02-26T16:25:28.904419;2016.0;476.0;252.0;0.0;228.0;252.0;952.0;252.0;0;700.0;0.0;0.0;252.0;0.0;4152.0;2216.1178371256888
2026-02-26T16:25:28.913140;2016.0;476.0;801.0;0.0;228.0;801.0;952.0;801.0;0;151.0;0.0;0.0;801.0;0.0;4152.0;2216.118323176089
2026-02-26T16:25:28.914767;2016.0;476.0;801.0;1287.0;228.0;2088.0;952.0;952.0;0.0;0;248.0;1136.0;1200.0;888.0;4151.999863314363;2216.118413854222
2026-02-26T16:25:28.930892;2016.0;476.0;801.0;1287.0;0.0;2088.0;952.0;952.0;0.0;0;248.0;1136.0;1200.0;888.0;4151.998508639566;2216.118413854222
2026-02-26T16:26:28.914176;2016.0;468.0;801.0;1287.0;0.0;2088.0;936.0;936.0;0.0;0;264.0;1152.0;1200.0;888.0;4146.634149907859;2216.118413854222
2026-02-26T16:26:28.916432;2016.0;468.0;800.0;1287.0;0.0;2087.0;936.0;936.0;0.0;0;264.0;1151.0;1200.0;887.0;4146.633948151762;2216.118413854222
2026-02-26T16:26:28.923525;2016.0;468.0;800.0;1283.0;0.0;2083.0;936.0;936.0;0.0;0;264.0;1147.0;1200.0;883.0;4146.633313818428;2216.118413854222
2026-02-26T16:27:33.293403;2016.0;463.0;800.0;1283.0;0.0;2083.0;926.0;926.0;0.0;0;274.0;1157.0;1200.0;883.0;4140.658602920054;2216.118413854222
2026-02-26T16:27:33.300799;2016.0;463.0;800.0;1287.0;0.0;2087.0;926.0;926.0;0.0;0;274.0;1161.0;1200.0;887.0;4140.65791643496;2216.118413854222
2026-02-26T16:28:33.895149;2016.0;460.0;800.0;1287.0;0.0;2087.0;920.0;920.0;0.0;0;280.0;1167.0;1200.0;887.0;4134.910484863144;2216.118413854222
2026-02-26T16:28:33.897210;2016.0;460.0;799.0;1287.0;0.0;2086.0;920.0;920.0;0.0;0;280.0;1166.0;1200.0;886.0;4134.910289375339;2216.118413854222
2026-02-26T16:28:33.904107;2016.0;460.0;799.0;1290.0;0.0;2089.0;920.0;920.0;0.0;0;280.0;1169.0;1200.0;889.0;4134.909635188347;2216.118413854222
2026-02-26T16:33:33.883190;2016.0;422.0;799.0;1290.0;0.0;2089.0;844.0;844.0;0.0;0;356.0;1245.0;1200.0;889.0;4098.73329591057;2216.118413854222
2026-02-26T16:33:33.891165;2016.0;422.0;231.0;1290.0;0.0;1521.0;844.0;844.0;0.0;0;356.0;677.0;1200.0;321.0;4098.732334155828;2216.118413854222
2026-02-26T16:33:33.892128;1989.0;422.0;231.0;1290.0;0.0;1521.0;844.0;844.0;0.0;0;356.0;677.0;1200.0;321.0;4098.732218021682;2216.118413854222
2026-02-26T16:33:33.892921;1989.0;422.0;231.0;3.0;0.0;234.0;844.0;234.0;610.0;0;0.0;0.0;234.0;0.0;4098.732336266793;2216.118413854222
2026-02-26T16:33:33.897636;1989.0;422.0;231.0;3.0;191.0;234.0;844.0;234.0;610.0;0;0.0;0.0;234.0;0.0;4098.733039325682;2216.1186339923333
2026-02-26T16:38:38.983990;1989.0;377.0;231.0;3.0;191.0;234.0;754.0;234.0;520.0;0;0.0;0.0;234.0;0.0;4137.512904767459;2230.3627768757556
2026-02-26T16:38:38.986182;1989.0;377.0;208.0;3.0;191.0;211.0;754.0;211.0;543.0;0;0.0;0.0;211.0;0.0;4137.513195718926;2230.3628792178
2026-02-26T16:38:38.992395;2016.0;377.0;208.0;3.0;191.0;211.0;754.0;211.0;543.0;0;0.0;0.0;211.0;0.0;4137.514020391126;2230.363169295867
2026-02-26T16:38:38.993485;2016.0;377.0;208.0;0.0;191.0;208.0;754.0;208.0;546.0;0;0.0;0.0;208.0;0.0;4137.514165869793;2230.363220186756
2026-02-26T16:38:39.098732;2016.0;377.0;208.0;0.0;169.0;208.0;754.0;208.0;546.0;0;0.0;0.0;208.0;0.0;4137.5282128360595;2230.367568057267
2026-02-26T16:43:38.880138;2016.0;323.0;208.0;0.0;169.0;208.0;646.0;208.0;0;438.0;0.0;0.0;208.0;0.0;4152.0;2242.751871029578
2026-02-26T16:43:38.887971;2016.0;323.0;215.0;0.0;169.0;215.0;646.0;215.0;0;431.0;0.0;0.0;215.0;0.0;4152.0;2242.7521946195116
2026-02-26T16:43:38.894316;2016.0;323.0;215.0;0.0;108.0;215.0;646.0;215.0;0;431.0;0.0;0.0;215.0;0.0;4152.0;2242.7523621275113
2026-02-26T16:48:43.873736;2016.0;266.0;215.0;0.0;108.0;215.0;532.0;215.0;0;317.0;0.0;0.0;215.0;0.0;4152.0;2250.8038188155115
2026-02-26T16:48:43.875938;2016.0;266.0;181.0;0.0;108.0;181.0;532.0;181.0;0;351.0;0.0;0.0;181.0;0.0;4152.0;2250.8038769483114
2026-02-26T16:48:43.893116;2016.0;266.0;181.0;0.0;85.0;181.0;532.0;181.0;0;351.0;0.0;0.0;181.0;0.0;4152.0;2250.804233868978
2026-02-26T16:53:43.899651;2016.0;219.0;181.0;0.0;85.0;181.0;438.0;181.0;0;257.0;0.0;0.0;181.0;0.0;4152.0;2257.0377029850893
2026-02-26T16:53:43.907487;2016.0;219.0;201.0;0.0;85.0;201.0;438.0;201.0;0;237.0;0.0;0.0;201.0;0.0;4152.0;2257.0378657997558
2026-02-26T16:53:43.913588;2016.0;219.0;201.0;0.0;18.0;201.0;438.0;201.0;0;237.0;0.0;0.0;201.0;0.0;4152.0;2257.037892644156
2026-02-26T16:58:48.881721;2016.0;188.0;201.0;0.0;18.0;201.0;376.0;201.0;0;175.0;0.0;0.0;201.0;0.0;4152.0;2258.379752429356
2026-02-26T16:58:48.903144;2016.0;188.0;201.0;0.0;0.0;201.0;376.0;201.0;0;175.0;0.0;0.0;201.0;0.0;4152.0;2258.379752429356
2026-02-26T17:03:49.000883;2016.0;137.0;201.0;0.0;0.0;201.0;274.0;201.0;0;73.0;0.0;0.0;201.0;0.0;4152.0;2258.379752429356
2026-02-26T17:03:49.008734;2016.0;137.0;221.0;0.0;0.0;221.0;274.0;221.0;0;53.0;0.0;0.0;221.0;0.0;4152.0;2258.379752429356
2026-02-26T17:08:54.053175;2016.0;92.0;221.0;0.0;0.0;221.0;184.0;184.0;0.0;0;37.0;37.0;221.0;0.0;4147.5211728900795;2258.379752429356
2026-02-26T17:08:54.055382;2016.0;92.0;217.0;0.0;0.0;217.0;184.0;184.0;0.0;0;33.0;33.0;217.0;0.0;4147.521143988889;2258.379752429356
2026-02-26T17:13:53.887507;2016.0;67.0;217.0;0.0;0.0;217.0;134.0;134.0;0.0;0;83.0;83.0;217.0;0.0;4137.645720824206;2258.379752429356
2026-02-26T17:13:53.895231;2016.0;67.0;199.0;0.0;0.0;199.0;134.0;134.0;0.0;0;65.0;65.0;199.0;0.0;4137.645521594048;2258.379752429356
2026-02-26T17:13:53.930179;1989.0;67.0;199.0;0.0;0.0;199.0;134.0;134.0;0.0;0;65.0;65.0;199.0;0.0;4137.64462015754;2258.379752429356
2026-02-26T17:18:58.879096;1989.0;69.0;199.0;0.0;0.0;199.0;138.0;138.0;0.0;0;61.0;61.0;199.0;0.0;4130.26292018254;2258.379752429356
2026-02-26T17:18:58.881463;1989.0;69.0;197.0;0.0;0.0;197.0;138.0;138.0;0.0;0;59.0;59.0;197.0;0.0;4130.262864764683;2258.379752429356
2026-02-26T17:23:58.876476;1989.0;74.0;197.0;0.0;0.0;197.0;148.0;148.0;0.0;0;49.0;49.0;197.0;0.0;4124.429628400794;2258.379752429356
2026-02-26T17:23:58.878536;1989.0;74.0;202.0;0.0;0.0;202.0;148.0;148.0;0.0;0;54.0;54.0;202.0;0.0;4124.429584257937;2258.379752429356
2026-02-26T17:23:58.884840;1962.0;74.0;202.0;0.0;0.0;202.0;148.0;148.0;0.0;0;54.0;54.0;202.0;0.0;4124.429449172222;2258.379752429356
2026-02-26T17:29:14.868417;1962.0;58.0;202.0;0.0;0.0;202.0;116.0;116.0;0.0;0;86.0;86.0;202.0;0.0;4113.645882655555;2258.379752429356
2026-02-26T17:29:14.870639;1962.0;58.0;178.0;0.0;0.0;178.0;116.0;116.0;0.0;0;62.0;62.0;178.0;0.0;4113.645827987301;2258.379752429356
2026-02-26T17:34:14.930602;1962.0;62.0;178.0;0.0;0.0;178.0;124.0;124.0;0.0;0;54.0;54.0;178.0;0.0;4107.215971637302;2258.379752429356
2026-02-26T17:34:14.938361;1962.0;62.0;181.0;0.0;0.0;181.0;124.0;124.0;0.0;0;57.0;57.0;181.0;0.0;4107.215796136111;2258.379752429356
2026-02-26T17:34:14.939415;1935.0;62.0;181.0;0.0;0.0;181.0;124.0;124.0;0.0;0;57.0;57.0;181.0;0.0;4107.215772295634;2258.379752429356
2026-02-26T17:39:19.872930;1935.0;69.0;181.0;0.0;0.0;181.0;138.0;138.0;0.0;0;43.0;43.0;181.0;0.0;4102.012541682539;2258.379752429356
2026-02-26T17:39:19.875093;1935.0;69.0;206.0;0.0;0.0;206.0;138.0;138.0;0.0;0;68.0;68.0;206.0;0.0;4102.0124833158725;2258.379752429356
2026-02-26T17:44:19.871150;1935.0;53.0;206.0;0.0;0.0;206.0;106.0;106.0;0.0;0;100.0;100.0;206.0;0.0;4091.047715150668;2258.379752429356
2026-02-26T17:44:19.878990;1935.0;53.0;294.0;0.0;0.0;294.0;106.0;106.0;0.0;0;188.0;188.0;294.0;0.0;4091.047176437218;2258.379752429356
2026-02-26T17:44:19.880032;1908.0;53.0;294.0;0.0;0.0;294.0;106.0;106.0;0.0;0;188.0;188.0;294.0;0.0;4091.0471048378026;2258.379752429356
2026-02-26T17:49:24.875021;1908.0;32.0;294.0;0.0;0.0;294.0;64.0;64.0;0.0;0;230.0;230.0;294.0;0.0;4067.2839451257432;2258.379752429356
2026-02-26T17:49:24.877262;1908.0;32.0;297.0;0.0;0.0;297.0;64.0;64.0;0.0;0;233.0;233.0;297.0;0.0;4067.2837682446457;2258.379752429356
2026-02-26T17:49:24.878170;1881.0;32.0;297.0;0.0;0.0;297.0;64.0;64.0;0.0;0;233.0;233.0;297.0;0.0;4067.283696576624;2258.379752429356
2026-02-26T17:54:24.866991;1881.0;24.0;297.0;0.0;0.0;297.0;48.0;48.0;0.0;0;249.0;249.0;297.0;0.0;4041.979761471949;2258.379752429356
2026-02-26T17:54:24.874863;1881.0;24.0;799.0;0.0;0.0;799.0;48.0;48.0;0.0;0;751.0;751.0;799.0;0.0;4041.977976486442;2258.379752429356
2026-02-26T17:54:24.875953;1800.0;24.0;799.0;0.0;0.0;799.0;48.0;48.0;0.0;0;751.0;751.0;799.0;0.0;4041.9777293276256;2258.379752429356
2026-02-26T17:54:24.876873;1800.0;24.0;799.0;2281.0;0.0;3080.0;48.0;48.0;0.0;0;1152.0;3032.0;1200.0;1880.0;4041.9774093276255;2258.379752429356
2026-02-26T17:59:29.897314;1800.0;8.0;799.0;2281.0;0.0;3080.0;16.0;16.0;0.0;0;1184.0;3064.0;1200.0;1880.0;3932.936285491877;2258.379752429356
2026-02-26T17:59:29.900304;1747.0;8.0;799.0;2281.0;0.0;3080.0;16.0;16.0;0.0;0;1184.0;3064.0;1200.0;1880.0;3932.935216602988;2258.379752429356
2026-02-26T17:59:29.906087;1747.0;8.0;799.0;1053.0;0.0;1852.0;16.0;16.0;0.0;0;1184.0;1836.0;1200.0;652.0;3932.933149250331;2258.379752429356
2026-02-26T18:04:29.873440;1747.0;0.0;799.0;1053.0;0.0;1852.0;0.0;0.0;0.0;0;1200.0;1852.0;1200.0;652.0;3824.2493256996063;2258.379752429356
2026-02-26T18:04:29.880890;1747.0;0.0;800.0;1053.0;0.0;1853.0;0.0;0.0;0.0;0;1200.0;1853.0;1200.0;653.0;3824.246626424244;2258.379752429356
2026-02-26T18:04:29.882051;1666.0;0.0;800.0;1053.0;0.0;1853.0;0.0;0.0;0.0;0;1200.0;1853.0;1200.0;653.0;3824.24620577207;2258.379752429356
2026-02-26T18:04:29.882838;1666.0;0.0;800.0;1516.0;0.0;2316.0;0.0;0.0;0.0;0;1200.0;2316.0;1200.0;1116.0;3824.2459206271424;2258.379752429356
2026-02-26T18:09:45.878766;1585.0;0.0;800.0;1516.0;0.0;2316.0;0.0;0.0;0.0;0;1200.0;2316.0;1200.0;1116.0;3709.754642366273;2258.379752429356
2026-02-26T18:09:45.882029;1585.0;0.0;800.0;908.0;0.0;1708.0;0.0;0.0;0.0;0;1200.0;1708.0;1200.0;508.0;3709.7534601198963;2258.379752429356
2026-02-26T18:13:45.879146;1585.0;0.0;264.0;908.0;0.0;1172.0;0.0;0.0;0.0;0;1172.0;1172.0;1172.0;0.0;3624.8269440800414;2258.379752429356
2026-02-26T18:13:45.880390;1559.0;0.0;264.0;908.0;0.0;1172.0;0.0;0.0;0.0;0;1172.0;1172.0;1172.0;0.0;3624.826503872312;2258.379752429356
2026-02-26T18:13:45.881375;1559.0;0.0;264.0;0.0;0.0;264.0;0.0;0.0;0.0;0;264.0;264.0;264.0;0.0;3624.826415782881;2258.379752429356
2026-02-26T18:18:50.253081;1559.0;0.0;259.0;0.0;0.0;259.0;0.0;0.0;0.0;0;259.0;259.0;259.0;0.0;3598.1217166453475;2258.379752429356
2026-02-26T18:18:50.253997;1532.0;0.0;259.0;0.0;0.0;259.0;0.0;0.0;0.0;0;259.0;259.0;259.0;0.0;3598.121636278139;2258.379752429356
2026-02-26T18:23:50.880841;1532.0;0.0;251.0;0.0;0.0;251.0;0.0;0.0;0.0;0;251.0;251.0;251.0;0.0;3572.5602074691956;2258.379752429356
2026-02-26T18:23:50.886448;1505.0;0.0;251.0;0.0;0.0;251.0;0.0;0.0;0.0;0;251.0;251.0;251.0;0.0;3572.5597307222442;2258.379752429356
2026-02-26T18:28:55.318613;1505.0;0.0;361.0;0.0;0.0;361.0;0.0;0.0;0.0;0;361.0;361.0;361.0;0.0;3535.3307295145883;2258.379752429356
2026-02-26T18:28:55.319557;1478.0;0.0;361.0;0.0;0.0;361.0;0.0;0.0;0.0;0;361.0;361.0;361.0;0.0;3535.3306140728537;2258.379752429356
2026-02-26T18:33:55.868095;1478.0;0.0;312.0;0.0;0.0;312.0;0.0;0.0;0.0;0;312.0;312.0;312.0;0.0;3503.5653214387075;2258.379752429356
2026-02-26T18:33:55.874005;1451.0;0.0;312.0;0.0;0.0;312.0;0.0;0.0;0.0;0;312.0;312.0;312.0;0.0;3503.564696804561;2258.379752429356
2026-02-26T18:39:00.379791;1451.0;0.0;247.0;0.0;0.0;247.0;0.0;0.0;0.0;0;247.0;247.0;247.0;0.0;3478.0860622713635;2258.379752429356
2026-02-26T18:39:00.380697;1424.0;0.0;247.0;0.0;0.0;247.0;0.0;0.0;0.0;0;247.0;247.0;247.0;0.0;3478.085986464453;2258.379752429356
2026-02-26T18:44:00.869059;1424.0;0.0;228.0;0.0;0.0;228.0;0.0;0.0;0.0;0;228.0;228.0;228.0;0.0;3454.877535740876;2258.379752429356
2026-02-26T18:44:00.874901;1397.0;0.0;228.0;0.0;0.0;228.0;0.0;0.0;0.0;0;228.0;228.0;228.0;0.0;3454.877084529494;2258.379752429356
2026-02-26T18:49:05.278926;1397.0;0.0;215.0;0.0;0.0;215.0;0.0;0.0;0.0;0;215.0;215.0;215.0;0.0;3432.706737180239;2258.379752429356
2026-02-26T18:49:05.279836;1370.0;0.0;215.0;0.0;0.0;215.0;0.0;0.0;0.0;0;215.0;215.0;215.0;0.0;3432.7066709031387;2258.379752429356
2026-02-26T18:54:05.885285;1370.0;0.0;223.0;0.0;0.0;223.0;0.0;0.0;0.0;0;223.0;223.0;223.0;0.0;3409.998332445483;2258.379752429356
2026-02-26T18:54:05.890549;1344.0;0.0;223.0;0.0;0.0;223.0;0.0;0.0;0.0;0;223.0;223.0;223.0;0.0;3409.9979347923663;2258.379752429356
2026-02-26T18:59:10.345651;1344.0;0.0;215.0;0.0;0.0;215.0;0.0;0.0;0.0;0;215.0;215.0;215.0;0.0;3387.823867404155;2258.379752429356
2026-02-26T19:04:10.867077;1344.0;0.0;207.0;0.0;0.0;207.0;0.0;0.0;0.0;0;207.0;207.0;207.0;0.0;3366.750718629765;2258.379752429356
2026-02-26T19:04:10.872379;1317.0;0.0;207.0;0.0;0.0;207.0;0.0;0.0;0.0;0;207.0;207.0;207.0;0.0;3366.7503468431796;2258.379752429356
2026-02-26T19:09:15.272536;1317.0;0.0;199.0;0.0;0.0;199.0;0.0;0.0;0.0;0;199.0;199.0;199.0;0.0;3344.610130745592;2258.379752429356
2026-02-26T19:09:15.277133;1290.0;0.0;199.0;0.0;0.0;199.0;0.0;0.0;0.0;0;199.0;199.0;199.0;0.0;3344.6097963877705;2258.379752429356
2026-02-26T19:14:15.868153;1290.0;0.0;215.0;0.0;0.0;215.0;0.0;0.0;0.0;0;215.0;215.0;215.0;0.0;3322.717157736009;2258.379752429356
2026-02-26T19:14:15.873595;1263.0;0.0;215.0;0.0;0.0;215.0;0.0;0.0;0.0;0;215.0;215.0;215.0;0.0;3322.716761384383;2258.379752429356
2026-02-26T19:19:20.328098;1263.0;0.0;198.0;0.0;0.0;198.0;0.0;0.0;0.0;0;198.0;198.0;198.0;0.0;3300.6838697199096;2258.379752429356
2026-02-26T19:19:20.329011;1236.0;0.0;198.0;0.0;0.0;198.0;0.0;0.0;0.0;0;198.0;198.0;198.0;0.0;3300.683803647541;2258.379752429356
2026-02-26T19:24:20.881548;1236.0;0.0;193.0;0.0;0.0;193.0;0.0;0.0;0.0;0;193.0;193.0;193.0;0.0;3279.482546468813;2258.379752429356
2026-02-26T19:29:25.293213;1236.0;0.0;397.0;0.0;0.0;397.0;0.0;0.0;0.0;0;397.0;397.0;397.0;0.0;3238.543714827553;2258.379752429356
2026-02-26T19:29:25.298052;1209.0;0.0;397.0;0.0;0.0;397.0;0.0;0.0;0.0;0;397.0;397.0;397.0;0.0;3238.543064054179;2258.379752429356
2026-02-26T19:34:25.907237;1209.0;0.0;222.0;0.0;0.0;222.0;0.0;0.0;0.0;0;222.0;222.0;222.0;0.0;3215.9362757513336;2258.379752429356
2026-02-26T19:34:25.912862;1182.0;0.0;222.0;0.0;0.0;222.0;0.0;0.0;0.0;0;222.0;222.0;222.0;0.0;3215.935852733041;2258.379752429356
2026-02-26T19:39:30.307252;1182.0;0.0;219.0;0.0;0.0;219.0;0.0;0.0;0.0;0;219.0;219.0;219.0;0.0;3193.3537485968623;2258.379752429356
2026-02-26T19:39:30.308164;1155.0;0.0;219.0;0.0;0.0;219.0;0.0;0.0;0.0;0;219.0;219.0;219.0;0.0;3193.353680938326;2258.379752429356
2026-02-26T19:44:30.897860;1155.0;0.0;218.0;0.0;0.0;218.0;0.0;0.0;0.0;0;218.0;218.0;218.0;0.0;3171.15566138277;2258.379752429356
2026-02-26T19:49:35.223225;1155.0;0.0;198.0;0.0;0.0;198.0;0.0;0.0;0.0;0;198.0;198.0;198.0;0.0;3149.1321152314545;2258.379752429356
2026-02-26T19:49:35.224142;1128.0;0.0;198.0;0.0;0.0;198.0;0.0;0.0;0.0;0;198.0;198.0;198.0;0.0;3149.1320488696124;2258.379752429356
2026-02-26T19:54:35.906855;1128.0;0.0;278.0;0.0;0.0;278.0;0.0;0.0;0.0;0;278.0;278.0;278.0;0.0;3120.8157229163603;2258.379752429356
2026-02-26T19:54:35.912565;1102.0;0.0;278.0;0.0;0.0;278.0;0.0;0.0;0.0;0;278.0;278.0;278.0;0.0;3120.815185186008;2258.379752429356
2026-02-26T19:59:40.319612;1102.0;0.0;270.0;0.0;0.0;270.0;0.0;0.0;0.0;0;270.0;270.0;270.0;0.0;3092.9730772286907;2258.379752429356
2026-02-26T19:59:40.320521;1075.0;0.0;270.0;0.0;0.0;270.0;0.0;0.0;0.0;0;270.0;270.0;270.0;0.0;3092.9729940884467;2258.379752429356
2026-02-26T20:04:40.874651;1075.0;0.0;267.0;0.0;0.0;267.0;0.0;0.0;0.0;0;267.0;267.0;267.0;0.0;3065.788728265276;2258.379752429356
2026-02-26T20:04:40.880206;1048.0;0.0;267.0;0.0;0.0;267.0;0.0;0.0;0.0;0;267.0;267.0;267.0;0.0;3065.788225831333;2258.379752429356
2026-02-26T20:09:45.310498;1048.0;0.0;799.0;0.0;0.0;799.0;0.0;0.0;0.0;0;799.0;799.0;799.0;0.0;2992.3462562335067;2258.379752429356
2026-02-26T20:09:45.315434;994.0;0.0;799.0;0.0;0.0;799.0;0.0;0.0;0.0;0;799.0;799.0;799.0;0.0;2992.3450654533135;2258.379752429356
2026-02-26T20:09:45.316377;994.0;0.0;799.0;184.0;0.0;983.0;0.0;0.0;0.0;0;983.0;983.0;983.0;0.0;2992.344785571369;2258.379752429356
2026-02-26T20:10:45.877680;994.0;0.0;269.0;184.0;0.0;453.0;0.0;0.0;0.0;0;453.0;453.0;453.0;0.0;2983.0513335866126;2258.379752429356
2026-02-26T20:10:45.879291;994.0;0.0;269.0;0.0;0.0;269.0;0.0;0.0;0.0;0;269.0;269.0;269.0;0.0;2983.051186784783;2258.379752429356
2026-02-26T20:11:45.869590;994.0;0.0;522.0;0.0;0.0;522.0;0.0;0.0;0.0;0;522.0;522.0;522.0;0.0;2973.596194007609;2258.379752429356
2026-02-26T20:12:45.872485;994.0;0.0;485.0;0.0;0.0;485.0;0.0;0.0;0.0;0;485.0;485.0;485.0;0.0;2963.737994795211;2258.379752429356
2026-02-26T20:12:45.873988;967.0;0.0;485.0;0.0;0.0;485.0;0.0;0.0;0.0;0;485.0;485.0;485.0;0.0;2963.7377478592352;2258.379752429356
2026-02-26T20:13:45.895428;967.0;0.0;561.0;0.0;0.0;561.0;0.0;0.0;0.0;0;561.0;561.0;561.0;0.0;2953.5710727867713;2258.379752429356
2026-02-26T20:14:45.881953;967.0;0.0;516.0;0.0;0.0;516.0;0.0;0.0;0.0;0;516.0;516.0;516.0;0.0;2944.2253460657566;2258.379752429356
2026-02-26T20:19:50.359896;967.0;0.0;401.0;0.0;0.0;401.0;0.0;0.0;0.0;0;401.0;401.0;401.0;0.0;2902.8650292828975;2258.379752429356
2026-02-26T20:19:50.360805;913.0;0.0;401.0;0.0;0.0;401.0;0.0;0.0;0.0;0;401.0;401.0;401.0;0.0;2902.864905804239;2258.379752429356
2026-02-26T20:24:50.874524;913.0;0.0;396.0;0.0;0.0;396.0;0.0;0.0;0.0;0;396.0;396.0;396.0;0.0;2862.552089840824;2258.379752429356
2026-02-26T20:24:50.876059;887.0;0.0;396.0;0.0;0.0;396.0;0.0;0.0;0.0;0;396.0;396.0;396.0;0.0;2862.55188392619;2258.379752429356
2026-02-26T20:29:55.335581;887.0;0.0;377.0;0.0;0.0;377.0;0.0;0.0;0.0;0;377.0;377.0;377.0;0.0;2823.6693501206346;2258.379752429356
2026-02-26T20:29:55.336491;860.0;0.0;377.0;0.0;0.0;377.0;0.0;0.0;0.0;0;377.0;377.0;377.0;0.0;2823.66923390451;2258.379752429356
2026-02-26T20:34:55.871861;860.0;0.0;378.0;0.0;0.0;378.0;0.0;0.0;0.0;0;378.0;378.0;378.0;0.0;2785.1860462825584;2258.379752429356
2026-02-26T20:34:55.877158;806.0;0.0;378.0;0.0;0.0;378.0;0.0;0.0;0.0;0;378.0;378.0;378.0;0.0;2785.185368008168;2258.379752429356
2026-02-26T20:40:00.335242;806.0;0.0;397.0;0.0;0.0;397.0;0.0;0.0;0.0;0;397.0;397.0;397.0;0.0;2744.2402937032903;2258.379752429356
2026-02-26T20:40:00.340200;779.0;0.0;397.0;0.0;0.0;397.0;0.0;0.0;0.0;0;397.0;397.0;397.0;0.0;2744.23962692619;2258.379752429356
2026-02-26T20:45:00.884837;779.0;0.0;401.0;0.0;0.0;401.0;0.0;0.0;0.0;0;401.0;401.0;401.0;0.0;2703.4136108567454;2258.379752429356
2026-02-26T20:45:00.885749;752.0;0.0;401.0;0.0;0.0;401.0;0.0;0.0;0.0;0;401.0;401.0;401.0;0.0;2703.4134869705667;2258.379752429356
2026-02-26T20:50:05.268620;752.0;0.0;399.0;0.0;0.0;399.0;0.0;0.0;0.0;0;399.0;399.0;399.0;0.0;2662.2723062358104;2258.379752429356
2026-02-26T20:50:05.270161;698.0;0.0;399.0;0.0;0.0;399.0;0.0;0.0;0.0;0;399.0;399.0;399.0;0.0;2662.2720979502415;2258.379752429356
2026-02-26T20:55:05.862784;698.0;0.0;417.0;0.0;0.0;417.0;0.0;0.0;0.0;0;417.0;417.0;417.0;0.0;2619.8103351484124;2258.379752429356
2026-02-26T20:55:05.868687;672.0;0.0;417.0;0.0;0.0;417.0;0.0;0.0;0.0;0;417.0;417.0;417.0;0.0;2619.8095012896724;2258.379752429356
2026-02-26T21:00:10.274433;672.0;0.0;413.0;0.0;0.0;413.0;0.0;0.0;0.0;0;413.0;413.0;413.0;0.0;2577.2215700234124;2258.379752429356
2026-02-26T21:00:10.275349;618.0;0.0;413.0;0.0;0.0;413.0;0.0;0.0;0.0;0;413.0;413.0;413.0;0.0;2577.2214418702956;2258.379752429356
2026-02-26T21:05:11.056899;618.0;0.0;392.0;0.0;0.0;392.0;0.0;0.0;0.0;0;392.0;392.0;392.0;0.0;2537.2802604339813;2258.379752429356
2026-02-26T21:05:11.057806;591.0;0.0;392.0;0.0;0.0;392.0;0.0;0.0;0.0;0;392.0;392.0;392.0;0.0;2537.280139992247;2258.379752429356
2026-02-26T21:05:11.058659;591.0;0.0;392.0;6.0;0.0;398.0;0.0;0.0;0.0;0;398.0;398.0;398.0;0.0;2537.2800249875045;2258.379752429356
2026-02-26T21:10:15.503135;564.0;0.0;392.0;6.0;0.0;398.0;0.0;0.0;0.0;0;398.0;398.0;398.0;0.0;2496.2336491582364;2258.379752429356
2026-02-26T21:10:15.504082;564.0;0.0;392.0;0.0;0.0;392.0;0.0;0.0;0.0;0;392.0;392.0;392.0;0.0;2496.2335234048487;2258.379752429356
2026-02-26T21:15:15.869479;564.0;0.0;373.0;0.0;0.0;373.0;0.0;0.0;0.0;0;373.0;373.0;373.0;0.0;2458.280849596922;2258.379752429356
2026-02-26T21:15:15.875453;510.0;0.0;373.0;0.0;0.0;373.0;0.0;0.0;0.0;0;373.0;373.0;373.0;0.0;2458.280094752071;2258.379752429356
2026-02-26T21:20:20.279333;510.0;0.0;375.0;0.0;0.0;375.0;0.0;0.0;0.0;0;375.0;375.0;375.0;0.0;2419.6109026789;2258.379752429356
2026-02-26T21:20:20.283803;483.0;0.0;375.0;0.0;0.0;375.0;0.0;0.0;0.0;0;375.0;375.0;375.0;0.0;2419.610334843534;2258.379752429356
2026-02-26T21:25:20.971539;483.0;0.0;379.0;0.0;0.0;379.0;0.0;0.0;0.0;0;379.0;379.0;379.0;0.0;2381.005777951935;2258.379752429356
2026-02-26T21:25:20.977066;456.0;0.0;379.0;0.0;0.0;379.0;0.0;0.0;0.0;0;379.0;379.0;379.0;0.0;2381.0050683540353;2258.379752429356
2026-02-26T21:30:25.331598;456.0;0.0;420.0;0.0;0.0;420.0;0.0;0.0;0.0;0;420.0;420.0;420.0;0.0;2337.7025942889945;2258.379752429356
2026-02-26T21:30:25.332536;403.0;0.0;420.0;0.0;0.0;420.0;0.0;0.0;0.0;0;420.0;420.0;420.0;0.0;2337.70246083371;2258.379752429356
2026-02-26T21:35:25.880175;403.0;0.0;417.0;0.0;0.0;417.0;0.0;0.0;0.0;0;417.0;417.0;417.0;0.0;2295.247052479035;2258.379752429356
2026-02-26T21:35:25.881173;376.0;0.0;417.0;0.0;0.0;417.0;0.0;0.0;0.0;0;417.0;417.0;417.0;0.0;2295.246911501393;2258.379752429356
2026-02-26T21:40:30.233796;376.0;0.0;412.0;0.0;0.0;412.0;0.0;0.0;0.0;0;412.0;412.0;412.0;0.0;2252.769512898412;2258.379752429356
2026-02-26T21:40:30.240270;322.0;0.0;412.0;0.0;0.0;412.0;0.0;0.0;0.0;0;412.0;412.0;412.0;0.0;2252.7686093455663;2258.379752429356
2026-02-26T21:45:30.875870;322.0;0.0;0.0;0.0;0.0;0.0;0.0;0.0;0.0;0.0;0.0;0.0;0.0;0.0;2252.7686093455663;2258.379752429356
2026-02-26T21:45:30.881688;268.0;0.0;0.0;0.0;0.0;0.0;0.0;0.0;0.0;0.0;0.0;0.0;0.0;0.0;2252.7686093455663;2258.379752429356
2026-02-26T21:45:30.882508;268.0;0.0;0.0;387.0;0.0;387.0;0.0;0.0;0.0;0;387.0;387.0;387.0;0.0;2252.7685018455663;2258.379752429356
2026-02-26T21:50:35.299063;268.0;0.0;0.0;391.0;0.0;391.0;0.0;0.0;0.0;0;391.0;391.0;391.0;0.0;2212.447745407558;2258.379752429356
2026-02-26T21:55:35.904502;268.0;0.0;0.0;375.0;0.0;375.0;0.0;0.0;0.0;0;375.0;375.0;375.0;0.0;2174.261078867924;2258.379752429356
2026-02-26T22:00:40.265461;268.0;0.0;0.0;274.0;0.0;274.0;0.0;0.0;0.0;0;274.0;274.0;274.0;0.0;2146.0107730528835;2258.379752429356
2026-02-26T22:10:45.405990;268.0;0.0;0.0;217.0;0.0;217.0;0.0;0.0;0.0;0;217.0;217.0;217.0;0.0;2101.5272043560676;2258.379752429356
2026-02-26T22:15:45.924552;268.0;0.0;0.0;224.0;0.0;224.0;0.0;0.0;0.0;0;224.0;224.0;224.0;0.0;2078.7236278357423;2258.379752429356
2026-02-26T22:20:50.280558;268.0;0.0;0.0;276.0;0.0;276.0;0.0;0.0;0.0;0;276.0;276.0;276.0;0.0;2050.267578494279;2258.379752429356
2026-02-26T22:25:50.874012;268.0;0.0;0.0;220.0;0.0;220.0;0.0;0.0;0.0;0;220.0;220.0;220.0;0.0;2027.8656273154172;2258.379752429356
2026-02-26T22:30:55.273160;268.0;0.0;0.0;221.0;0.0;221.0;0.0;0.0;0.0;0;221.0;221.0;221.0;0.0;2005.0769377124361;2258.379752429356
2026-02-26T22:35:55.868259;268.0;0.0;0.0;210.0;0.0;210.0;0.0;0.0;0.0;0;210.0;210.0;210.0;0.0;1983.6931400193466;2258.379752429356
2026-02-26T22:41:00.269652;268.0;0.0;0.0;209.0;0.0;209.0;0.0;0.0;0.0;0;209.0;209.0;209.0;0.0;1962.1416863821514;2258.379752429356
2026-02-26T22:46:00.863564;268.0;0.0;0.0;229.0;0.0;229.0;0.0;0.0;0.0;0;229.0;229.0;229.0;0.0;1938.8232562168398;2258.379752429356
2026-02-26T22:56:05.856096;268.0;0.0;0.0;207.0;0.0;207.0;0.0;0.0;0.0;0;207.0;207.0;207.0;0.0;1896.3999993997666;2258.379752429356
2026-02-26T23:01:10.204894;268.0;0.0;0.0;187.0;0.0;187.0;0.0;0.0;0.0;0;187.0;187.0;187.0;0.0;1875.5983819926028;2258.379752429356
2026-02-26T23:11:18.173616;268.0;0.0;0.0;208.0;0.0;208.0;0.0;0.0;0.0;0;208.0;208.0;208.0;0.0;1832.7604774614374;2258.379752429356
2026-02-26T23:16:18.877229;268.0;0.0;0.0;209.0;0.0;209.0;0.0;0.0;0.0;0;209.0;209.0;209.0;0.0;1811.4708246440255;2258.379752429356
2026-02-26T23:21:23.279250;268.0;0.0;0.0;228.0;0.0;228.0;0.0;0.0;0.0;0;228.0;228.0;228.0;0.0;1787.9600994448385;2258.379752429356
2026-02-26T23:26:23.880236;268.0;0.0;0.0;223.0;0.0;223.0;0.0;0.0;0.0;0;223.0;223.0;223.0;0.0;1765.252098131153;2258.379752429356
2026-02-26T23:31:28.315720;268.0;0.0;0.0;224.0;0.0;224.0;0.0;0.0;0.0;0;224.0;224.0;224.0;0.0;1742.1513025972777;2258.379752429356
2026-02-26T23:36:28.857999;268.0;0.0;0.0;205.0;0.0;205.0;0.0;0.0;0.0;0;205.0;205.0;205.0;0.0;1721.2803110000555;2258.379752429356
2026-02-26T23:41:33.186899;268.0;0.0;0.0;187.0;0.0;187.0;0.0;0.0;0.0;0;187.0;187.0;187.0;0.0;1700.4800535804648;2258.379752429356
2026-02-26T23:46:33.855450;268.0;0.0;0.0;180.0;0.0;180.0;0.0;0.0;0.0;0;180.0;180.0;180.0;0.0;1680.6992278567805;2258.379752429356
2026-02-26T23:51:38.174717;268.0;0.0;0.0;188.0;0.0;188.0;0.0;0.0;0.0;0;188.0;188.0;188.0;0.0;1659.788401030757;2258.379752429356
2026-02-26T23:56:38.866137;268.0;0.0;0.0;201.0;0.0;201.0;0.0;0.0;0.0;0;201.0;201.0;201.0;0.0;1639.3144933681554;2258.379752429356
